0.308239 -0.0709101 0.47231
-0.757528 0.00041213 0.0908919
0.749101 -0.014321 0.0337371
0.299162 -0.0776437 0.204339
0.184071 -0.00532489 -0.290472
0.166429 0.0145257 -0.511226
0.228136 -0.0309395 0.192327
-0.259673 0.0629538 -0.0937972
0.0418309 -0.000180428 0.479959
-0.403637 0.0427799 -0.00494069
0.128452 0.0173808 0.076455
-0.807275 0.00526032 -0.165631
0.0681996 0.0338916 0.865579
0.0803201 -0.0591667 0.244714
0.684135 -0.141209 0.000176846
0.546527 -0.000261231 -0.0929353
0.649067 0.0495404 -0.0759128
-0.149888 -0.0356261 -0.0119436
-0.19969 0.0485169 -0.0119436
0.223853 -0.0046246 0.446183
-0.722001 0.0715997 -0.0232291
0.080374 -0.0441104 0.201862
0.249764 -0.0145903 0.0691019
0.369811 -0.0277343 0.0639575
0.193121 -0.0224821 0.0660045
-0.709584 0.0190507 0.136438
0.44283 -0.0200041 -0.289933
0.42236 -0.00890717 0.0713105
0.125408 -0.0128665 -0.27318
0.256579 -0.0138092 0.418171
0.23285 -0.0149674 -0.372137
0.145851 -0.00772205 -0.256023
-0.253909 0.0136369 0.0757817
0.394564 0.000708409 0.509802
0.176422 -0.0113582 -0.235068
-0.735064 0.0171114 -0.257935
0.150242 -0.129196 0.200353
-0.756316 -0.0246907 -0.0124015
-0.6823 0.04111 0.0294815
0.0703813 0.0216634 0.674721
0.138714 0.00585287 -0.716924
0.112453 -0.0173107 -0.519926
-0.833483 0.145077 -0.0112972
0.60282 0.0474126 0.0622606
-0.771345 0.0066609 -0.0425411
0.150161 -0.0088533 -0.238435
0.154524 -0.00365496 -0.298256
0.271689 0.00270155 0.231732
0.105908 -0.00335869 0.0604829
0.159534 -0.0674625 0.127361
0.154174 -0.0360301 0.369878
0.182401 -0.0644728 0.15039
0.166268 -0.0334713 0.389567
0.145017 -0.0356799 0.372572
0.165998 -0.0642035 0.152572
0.154605 -0.0275727 0.435032
0.172624 -0.0392083 0.345233
0.142943 -0.0667622 0.132694
0.0923867 -0.0394508 0.441901
0.286341 -0.0865321 0.24299
0.332103 -0.013917 0.210238
-0.759332 0.00237834 -0.379005
-0.765689 -0.000772982 0.00117342
0.0568064 -0.0264953 0.25573
-0.391543 0.032087 -0.0184617
0.146202 0.0337569 0.908296
0.363185 -0.0854816 0.241536
0.259164 -0.0642843 -0.469909
-0.280601 -0.026199 0.00955001
-0.331884 -0.0210007 -0.00946566
-0.000698491 -0.0581432 -0.131344
0.166322 -0.0394508 -0.0804378
0.288631 -0.0413631 -0.0792257
0.675812 -0.115675 -0.0210474
-0.296276 -0.0510864 0.0480931
-0.788906 0.209315 -0.0171689
0.231449 -0.0896834 -0.297233
0.128479 -0.0358954 -0.0827002
-0.132219 -0.0420634 -0.0787948
0.274786 -0.0838117 -0.237142
-0.559398 -0.011008 0.0521871
0.175695 -0.0804718 0.254707
-0.558833 0.062442 -0.0680479
0.592424 0.0564087 -0.0855822
0.129691 -0.048797 0.26812
0.256471 -0.0609983 0.482599
0.165945 0.00488323 -0.0980528
-0.729139 0.0118323 0.358754
0.0298451 -0.0272764 0.183142
0.0351781 -0.0195462 0.263514
0.0167819 -0.0342255 0.131859
0.0314612 -0.0245022 0.212689
0.337543 -0.00244291 -0.258339
-0.115951 -0.051248 0.0446186
-0.194222 -0.0420903 0.0216435
-0.436281 0.101632 0.0056984
0.340291 -0.0580893 0.440877
0.301748 -0.0813068 0.255407
0.25437 0.00935434 -0.00176243
0.314407 -0.0586011 0.437645
0.105962 -0.114786 0.210292
-0.516546 0.0710071 0.0454805
-0.786617 0.182785 -0.0175998
-0.305192 0.0401134 0.077694
0.354889 0.016869 -0.100261
0.333773 0.0823465 0.0571161
0.115604 0.0895649 0.0487395
0.148572 0.08706 0.0516484
-0.242973 0.0830468 0.0563081
0.0902589 -0.0138092 0.220015
-0.695363 0.0142025 0.214009
-0.296196 0.0537153 0.0736808
0.134889 0.0379317 0.758299
0.172139 -0.0593014 0.00995403
0.189485 -0.0631261 -0.0702027
0.165029 -0.070533 0.0216166
0.381312 -0.0843773 -0.261302
0.248175 -0.0555306 -0.462852
-0.295872 0.00714572 -0.0984838
-0.452927 -0.0478004 0.0438105
-0.74934 0.0182966 -0.114052
-0.325931 0.107072 0.0182229
-0.0334238 0.0658896 -0.0119436
-0.0630516 0.0650816 -0.0119436
0.292536 -0.0719875 0.0174957
0.0354474 -0.0741422 0.0113815
0.606833 -0.0755698 -0.0255186
0.0517158 0.0188891 -0.760019
0.0506115 0.0108357 -0.700009
0.132654 -0.045915 0.227261
0.32176 0.0098661 -0.461263
0.331025 -0.0856702 -0.243256
-0.363532 -0.0115737 -0.0925313
0.222695 -0.0581971 -0.0819191
0.0366595 0.00243221 0.523997
0.00304539 -0.0188998 0.350997
0.0110718 -0.0189268 0.330716
-0.000994767 -0.0298891 0.22858
0.0107486 -0.0255257 0.251879
-0.00945217 -0.0377808 0.154699
0.740051 -0.0649307 0.0109506
0.136371 -0.0370805 -0.52033
0.145986 -0.0693479 0.0443492
0.119617 -0.0693479 0.0305858
0.250949 -0.00667161 0.249401
0.112291 -0.0212162 0.0665162
0.00202188 -0.0263876 0.0644961
0.167345 -0.0203273 0.0668664
-0.0300031 0.0166266 0.0763203
-0.475471 0.0376354 0.0694521
0.014681 0.0134214 -0.099615
0.556924 -0.0654694 0.0303972
0.166483 0.0746164 -0.0261111
-0.320383 0.111436 4.21747e-05
-0.570334 0.077633 -0.0431606
0.18197 -0.0152367 0.0701254
-0.761487 0.0389014 0.00238547
0.124439 0.00377892 0.677038
0.166914 -0.067247 0.265534
0.141784 0.0189969 -0.559789
0.145905 0.0236026 -0.613065
-0.636835 0.0229831 -0.0268114
0.400974 -0.0395316 -0.293704
0.143427 -0.0490125 -0.454125
-0.489504 0.107557 -0.00300141
-0.598561 0.0962177 0.000311519
-0.585821 0.105187 -0.000281038
0.104265 0.0113475 0.0516754
0.588734 -0.0221589 -0.0845856
-0.462273 0.046039 -0.0211821
-0.724156 0.00278235 0.307471
0.139872 -0.125802 0.232163
0.16212 0.0646506 -0.0119436
0.213565 -0.0645267 -0.10888
0.127698 -0.00139248 0.429861
0.0400263 0.0826967 -0.0119436
0.0757143 0.0629268 -0.0119436
0.568856 0.0497559 -0.0925044
-0.223096 -0.0413631 -0.00259739
-0.126267 -0.0514366 0.0227479
-0.0953998 -0.061537 0.00849957
0.323538 -0.00422058 0.246007
-0.299158 -0.0716104 0.0185192
-0.82085 0.00614915 0.0538571
0.242411 -0.0979522 -0.29664
0.198616 -0.0318822 0.37575
0.22283 -0.0242867 0.504092
-0.498015 -0.0493895 0.035811
0.107362 -0.00459767 -0.629818
0.581327 0.0844474 -0.0718996
-0.824298 0.042753 -0.0150949
-0.408512 0.101901 -0.018354
-0.768598 0.0165997 -0.087737
-0.772018 0.0144988 -0.210935
0.233307 -0.0090149 0.210777
-0.187812 -0.0456995 0.0525912
-0.0399688 -0.0423597 0.054719
-0.682542 0.030821 0.00305883
0.146794 0.00814229 -0.0986454
-0.166776 -0.0427637 0.0544496
0.0111796 -0.038535 0.05717
0.0280136 0.0480321 -0.0480357
0.0151659 0.0664283 -0.0357536
0.0803201 -0.0693479 -0.0897301
0.66388 0.0861443 0.0319864
0.253347 -0.00947279 -0.525124
-0.180297 0.0486247 0.0754046
0.255663 -0.0890639 0.272457
-0.174506 0.00561047 0.0239599
0.689333 0.0375277 -0.0704451
-0.667271 0.00488323 -0.101393
0.111699 -0.0128127 0.425632
0.115065 -0.0531873 0.452755
0.234493 0.00878872 0.484268
0.133112 0.0421874 0.973343
-0.288735 0.0836663 -0.0794681
-0.113176 -0.0498474 0.0655735
-0.202976 0.0383896 -0.101581
0.185903 -0.0495781 0.0496014
0.163924 -0.0493895 0.0498169
0.147144 -0.0494703 0.0497361
-0.81339 0.103786 -0.0148525
0.570876 0.00245914 -0.0934471
0.0773573 -0.0693479 -0.0432144
0.0581801 -0.0155061 0.25907
0.153339 0.11157 -0.01426
0.0929523 0.11157 -0.0135866
-0.440321 0.0527456 0.0671627
-0.449883 0.0790336 0.0472043
0.757477 0.0168421 -0.0559275
0.22924 -0.0807412 0.261009
-0.820339 0.228169 -0.0107046
0.419532 -0.0372152 0.266154
-0.431945 0.0320062 -0.00348623
0.133893 -0.0125702 0.249778
-0.785351 0.0176501 -0.0267845
0.01961 -0.0297274 -0.253276
0.234897 -0.0487701 0.189256
-0.721032 0.00555659 0.0290505
0.13761 0.00752281 -0.4301
0.128748 0.0150375 -0.526175
0.110541 -0.019654 -0.148797
0.134808 0.00445229 -0.397779
0.30067 -0.0600825 0.482383
0.512563 -0.0220511 0.064577
0.490585 0.106399 0.0200006
0.310905 -0.0600286 0.272564
-0.780449 0.0155762 -0.0610719
-0.797444 0.0122363 -0.111789
-0.0798586 -0.0614023 -0.0421909
-0.159288 -0.0553959 -0.0140984
0.073802 -0.0260374 0.205713
-0.423407 0.0179195 -0.0200509
0.690168 0.0520184 0.0375618
0.209336 -0.00516329 0.538945
-0.760652 0.0157109 0.18729
-0.776328 0.0143641 0.163884
-0.489881 -0.0499013 -0.0604524
0.203356 0.0172731 -0.475646
0.164194 -0.062318 0.0142635
-0.66622 0.0329219 -0.0623917
0.265736 0.0651085 -0.0923697
0.32246 0.0162226 -0.492238
-0.79494 0.0130982 0.0550422
-0.790442 0.0106203 0.268847
0.12487 -0.0516251 0.48074
-0.386129 -0.00661774 -0.0119436
0.142188 -0.0415247 0.425174
-0.505772 0.0144449 -0.0892453
-0.121203 0.00754974 -0.0985377
0.0687653 0.0237642 -0.726513
0.114042 -0.0506555 -0.28091
0.00460758 -0.0106579 -0.470232
-0.0118493 -0.0198964 -0.398614
0.189216 -0.0855085 -0.238623
0.626684 0.00965062 0.0635804
-0.676698 0.0414871 -0.0544461
0.137798 0.033299 -0.0604524
0.171547 -0.0680551 0.0555001
0.201094 0.00579901 -0.453829
0.193983 0.000762276 -0.37642
0.208474 -0.0158024 -0.199676
0.337974 -0.05413 -0.459216
0.115766 -0.0309664 -0.432443
0.102514 -0.047989 -0.295778
0.115874 -0.0109811 -0.585269
0.104992 -0.0600017 -0.20509
0.102541 -0.0442181 -0.324571
0.286368 -0.0788827 -0.489356
0.313303 0.0116976 -0.506324
-0.772476 0.247562 -0.0185425
0.324965 -0.089845 0.25037
-0.683889 0.0459582 0.00211612
-0.64408 -0.0386966 0.0126205
0.0023451 -0.0698597 0.0229364
0.660648 0.0982917 -0.00208564
0.0344509 -0.0524331 -0.209561
0.0595537 -0.0490663 -0.257073
0.0627589 -0.0240443 -0.448065
0.0408074 -0.0261182 -0.412943
0.0945415 -0.00842235 -0.593672
0.0854377 -0.0322593 -0.406425
0.0256433 -0.0422789 -0.27819
0.0698696 -0.00710256 -0.58174
0.0767917 -0.0472617 -0.286055
0.102137 0.0167344 -0.789378
0.0511233 -0.0490394 -0.249936
0.0342085 -0.0378078 -0.319346
0.0439318 -0.0575507 -0.17961
-0.713571 0.0132868 0.00284335
0.255367 0.0194547 -0.100719
-0.382628 -0.0674356 -0.0475778
-0.250111 0.0551697 -0.0970563
0.704497 -0.0566888 0.0127821
0.344412 -0.000180428 0.429753
0.226224 -0.00554037 -0.418599
-0.176472 -0.00737191 -0.0958173
0.284025 -0.00645614 -0.506405
-0.194249 -0.0294042 0.0430564
-0.224011 -0.0282999 0.037077
-0.038272 -0.0685668 -0.0265421
0.680364 0.0393323 0.0485241
0.242088 -0.038535 0.0350299
-0.721974 0.0208553 -0.0895416
0.48843 0.0198049 0.0758625
0.679987 0.0098661 0.0542611
-0.798306 0.00596061 -0.365996
0.214507 0.0910194 0.0470427
0.124008 0.0865213 0.052241
0.431194 0.0836663 0.0555809
0.0075973 0.0863328 0.0524834
0.287284 -0.0100384 -0.444025
-0.213318 0.110547 0.00489036
0.239799 0.108284 0.014883
-0.181698 0.110331 0.00588694
0.184125 -0.0164219 0.26109
-0.57467 0.045204 0.000769404
0.394186 -0.129735 0.458815
0.224069 -0.0234248 0.112978
0.203464 0.00318637 0.402307
0.207639 -0.000907656 0.360047
0.131873 -0.122489 0.261144
0.15245 0.0302016 0.665106
0.143724 0.00517951 0.376369
0.177715 0.0672363 -0.090996
0.171843 -0.0125433 0.209861
0.442022 -0.0896295 -0.256939
0.0109372 0.0562202 -0.0119436
0.0148965 0.0272118 -0.0119436
0.0218725 -0.0369189 -0.0119436
-0.0061123 -0.0284615 -0.0119436
0.0217917 -0.0231016 -0.0119436
0.460768 0.062846 -0.0938511
0.79497 -0.0490125 -0.0336527
0.303714 -0.0484199 0.275339
0.200043 -0.00664468 0.244364
0.223396 -0.0764047 0.00120035
0.368572 -0.0768896 -0.00149308
0.244081 -0.0781824 -0.00881924
0.43852 -0.0764047 0.00120035
0.0312457 -0.0780747 -0.00811894
-0.699942 0.0208284 -0.0119436
-0.368137 -0.0773744 -0.0121052
0.652406 -0.0553151 -0.01259
-0.290459 0.0266462 -0.101581
-0.362912 0.109254 -0.00755332
-0.587275 0.0758015 -0.0383393
0.443207 -0.0260105 -0.209669
-0.757231 0.0187814 0.0209971
-0.715187 0.0149028 -0.296802
0.395587 -0.0830844 -0.261302
0.272685 -0.00338562 0.487689
0.308616 -0.0224282 0.199518
-0.191798 0.00970449 0.0750544
-0.713005 -0.00101539 -0.0518604
0.182886 0.0125865 -0.501961
0.201606 -0.0811721 -0.229331
0.187627 -0.00217357 0.306475
0.252916 -0.0732803 -0.291119
0.0790811 -0.0147789 -0.247754
-0.706999 0.29529 -0.00782266
0.487622 -0.0640957 -0.0575974
0.244485 -0.0272225 0.151144
0.208932 0.0129366 0.562755
-0.483228 0.0974028 -0.0162531
0.0928985 -0.0334444 0.264888
-0.801673 0.00394053 -0.0794681
-0.768948 0.00202819 -0.230004
0.0898549 0.0072804 0.47134
-0.0392685 0.0229831 0.0774785
0.259488 -0.0859934 -0.295643
0.162201 -0.156912 -0.241478
0.13998 0.0615262 0.0708257
0.0399994 -0.0348719 0.212285
-0.778994 0.17228 -0.00545244
0.0579915 -0.0458073 0.209161
-0.658086 0.0643543 -0.0129133
-0.733395 0.147178 -0.0222326
-0.515684 0.0156301 -0.0883834
0.511917 0.11157 -0.0154182
0.0688191 0.0110512 -0.718352
0.388153 -0.00572891 -0.254299
0.214373 0.0461736 -0.0119436
0.185553 -0.0490663 0.265669
0.20034 -0.0556653 0.199464
-0.797014 0.0337569 -0.00814588
0.3265 -0.0874209 0.226776
-0.325554 0.00396747 -0.00208564
-0.300101 0.000870014 0.00427087
-0.229102 0.00561047 0.0145329
-0.375086 -0.0104694 -0.0119436
0.372477 -0.00381657 0.432393
0.382335 0.0144449 0.0759163
0.241495 -0.0257681 0.254195
-0.725826 0.0208015 -0.0763437
-0.744141 0.0182966 -0.152353
0.370053 -0.0157485 0.480498
-0.748289 0.310481 -0.0163878
0.129987 -0.122112 0.222897
0.0944337 0.00426374 0.440635
0.166914 0.0109704 -0.752585
-0.593039 -0.0492549 0.00928067
0.181082 0.027131 0.825554
-0.727388 0.00402134 -0.0119436
0.291216 -0.0101192 -0.524559
0.0657217 0.021394 0.770958
0.131388 0.0263499 0.629175
0.330002 -0.0137284 -0.230381
0.0703005 -0.0693479 0.0217782
0.0387334 -0.0693479 0.0413595
0.32949 -0.00209277 0.236553
0.180247 -0.00298161 0.610698
0.647397 -0.146811 -0.0148795
-0.236347 -0.0220781 -0.0119436
-0.271712 -0.0109003 -0.0119436
0.273467 0.0315752 0.077694
-0.80838 0.0108627 -0.0884103
0.254128 -0.0193038 -0.441278
-0.235755 -0.0203273 0.029266
-0.648228 0.00676864 0.000769404
0.199289 -0.00839541 0.541962
0.20306 -0.00998454 0.524051
0.211625 -0.0497128 0.226614
0.207935 -0.0248254 0.410172
0.223153 -0.0545879 0.171991
0.371858 0.0448808 0.0766705
-0.837119 0.0765826 -0.0129133
-0.382439 -0.00984987 0.068644
-0.115412 -0.0660619 0.0300201
0.0718897 -0.0330404 -0.492238
0.381877 -0.00648307 -0.245249
0.00794744 -0.0293773 0.332682
-0.00910202 -0.0329596 0.286247
-0.00333806 -0.0547226 0.134795
0.0249969 -0.01925 0.426602
-0.0302186 -0.0497666 0.13862
0.0351781 -0.0104155 0.503123
-0.100867 -0.01187 0.0466117
-0.158857 0.0056374 0.0263571
-0.700992 0.0771482 0.000230716
0.0272055 0.00388666 -0.0978643
0.0583955 0.00224367 -0.097568
0.00835146 0.00437148 -0.097972
0.0624896 -0.0528371 0.245603
0.0178862 -0.0645805 0.0723071
-0.837469 0.0139063 -0.0119436
-0.352435 -0.0314512 0.0603752
0.184125 0.0344841 -0.886557
-0.68933 0.0881913 -0.0243604
0.228378 0.066967 -0.00973501
0.642037 0.0935512 -0.0537189
-0.805713 0.00289009 0.0115432
0.419855 -0.0273033 -0.238004
0.277453 -0.00659081 0.251313
0.162255 -0.0148058 0.207706
0.0755527 0.0456619 0.944819
-0.412013 -0.0267108 0.0610216
0.217255 -0.0776976 0.270706
-0.253154 0.0408676 -0.0119436
-0.184687 -0.00198503 -0.0119436
0.223234 -0.109319 0.194481
0.0590689 0.0348612 -0.887015
0.35971 -0.0780747 -0.230759
0.182024 -0.0231016 -0.484507
0.197242 -0.0603788 -0.19235
0.0698696 0.0484631 -0.0993188
0.234385 -0.0513288 0.0512714
0.0116644 -0.0556653 0.141286
-0.679202 -0.0143479 -0.0543114
0.0373598 0.0102701 -0.680105
0.134162 -0.176681 0.218291
0.231395 -0.0374037 -0.293839
0.233873 -0.030724 -0.32309
0.234546 -0.0253641 -0.440847
-0.500439 0.0904807 -0.0426219
0.221887 -0.040986 -0.298121
-0.832621 0.0131252 -0.0019779
0.0317036 -0.0148058 0.0690211
0.717695 0.032087 -0.0623648
-0.00802464 0.00159724 -0.0733809
0.190455 -0.0558807 0.0167415
0.715379 -0.000126557 -0.0689098
-0.754403 0.224991 -0.0202125
0.089828 0.0418641 0.869242
0.441349 -0.0345487 -0.27916
0.151238 0.0557623 0.961842
-0.411798 0.0224445 -0.004402
0.327659 -0.0246099 0.210669
-0.80539 0.00464083 0.0952013
-0.450961 0.0957598 -0.0444534
0.311336 0.11157 -0.0124823
-0.128718 0.11157 -0.0166841
0.116897 0.026323 0.847344
-0.81611 0.00596061 -0.122051
0.130068 -0.130597 0.253064
-0.268615 0.00569127 -0.0982144
-0.500574 -0.0620487 0.0135902
-0.0364673 0.0220674 0.0332792
-0.53171 0.0761785 -0.0605871
0.525357 -0.0661697 -0.0535572
-0.523145 0.0645698 -0.0738388
-0.157376 0.0166266 -0.100208
0.45891 0.0421335 0.0775863
-0.859528 0.00714572 0.00532131
0.152289 0.0112398 -0.75843
0.210117 -0.00960746 -0.280533
0.195141 -0.00882636 -0.259255
0.10685 0.051776 -0.978538
0.531498 0.0547657 -0.0933124
0.141327 0.0430493 0.813353
-0.640902 0.14443 -0.0189735
0.348236 -0.00155408 0.217483
-0.661507 -0.0402049 -0.000577316
0.16713 -0.0605673 -0.506594
-0.68028 0.00181272 0.0753507
0.0558098 -0.00578278 -0.402196
0.370484 -0.0586011 0.463906
0.168422 0.0610684 -0.0368579
-0.649898 0.0258112 0.0443492
-0.689842 0.207915 -0.0190274
0.324642 -0.01556 0.257212
-0.094888 0.102466 0.0295623
0.0461404 0.103409 0.0275691
-0.872753 -0.00131167 -0.0104353
-0.295953 0.0834508 0.0558233
-0.132731 0.0913695 0.0466387
-0.218544 0.0845013 0.0546112
0.112911 -0.13461 -0.280533
-0.238367 -0.0127588 -0.0937164
-0.209844 0.0110781 0.0752968
0.10984 0.0459043 -0.905115
0.105504 0.0365581 -0.805377
0.095161 0.0337569 -0.788408
-0.191744 0.0590213 -0.0152296
-0.0859458 0.0168152 -0.0550925
-0.0499615 0.0039944 -0.067617
0.434696 -0.0441643 0.235583
-0.369646 0.0946555 0.0385853
0.174375 -0.048797 -0.295159
0.179762 -0.0562578 -0.2376
0.155009 -0.0329596 -0.417414
0.146013 -0.0312358 -0.430692
0.141219 -0.0526486 -0.265477
0.1326 -0.0665467 -0.158359
0.13031 -0.0443797 -0.329311
0.11986 -0.0605134 -0.204902
-0.386345 0.0792491 -0.0789564
-0.806467 -0.0109811 4.21747e-05
-0.792893 0.0092466 -0.357404
-0.425373 0.0852285 -0.0194044
-0.0247509 -0.0309395 0.275258
0.0221149 0.00509871 0.590201
-0.728627 0.000627602 0.186401
-0.719496 -0.000799918 0.048955
-0.398465 -0.0555575 -0.0641155
0.273305 -0.0353567 0.0591631
0.0555944 -0.0456995 0.0525912
-0.768705 0.138478 -0.0192967
0.626415 0.0701722 -0.0741351
-0.742579 -0.000153493 -0.134333
0.229564 -0.00370883 0.232513
0.421875 -0.0457803 -0.267174
0.0711355 0.0410292 -0.0119436
0.0904475 -0.0212162 -0.0119436
0.529424 0.0246261 -0.0976758
0.229402 -0.0479081 0.0368076
0.395425 0.0276967 -0.392338
0.0442281 0.00108549 0.597555
0.0637285 0.0263499 0.80468
0.206562 0.0262153 -0.0119436
0.205996 -0.00284693 -0.521677
0.220514 -0.0357069 -0.334267
-0.79467 0.133118 -0.0166033
-0.799626 0.0118862 0.0888718
0.142512 0.0279391 0.077694
0.122149 -0.127876 0.214817
0.000351949 -0.0145365 0.431719
0.13629 0.0473857 0.865121
-0.66323 0.187229 -0.0131557
0.361407 -0.010604 -0.279591
-0.437601 0.0202358 -0.00321689
0.0572104 0.00450616 0.499783
0.0344509 -0.0187652 0.274961
0.0460865 -0.021701 0.210023
0.0132535 -0.030724 0.183223
0.482989 0.0799763 -0.0821346
0.129691 -0.0218626 0.261171
-0.723321 -0.022913 -0.0355381
0.0245929 -0.0658464 -0.0542845
0.389931 -0.0633146 -0.0589711
0.325127 -0.0276804 -0.226772
0.157837 -0.00723724 0.071957
0.226008 -0.00144634 0.0730074
0.189243 -0.0187652 0.101531
0.1333 0.012775 0.0508135
0.090636 -0.0423327 0.199599
0.171628 -0.0655232 -0.291334
-0.705868 0.0082231 0.289237
-0.197346 -0.06889 -0.0486283
-0.810427 0.00833084 -0.229627
0.319174 0.00590674 0.431827
0.574054 0.107476 0.00852651
0.772318 -0.0453763 0.0105196
0.503405 -0.0368112 -0.0808418
-0.138522 -0.0725262 -0.0398476
0.0455478 -0.0731187 -0.0381508
0.360007 -0.0750311 -0.0326831
0.250465 -0.0275727 0.271191
0.060685 -0.00201197 0.588316
0.0399455 -0.0196809 0.437106
0.0562138 -0.021297 -0.21915
0.0685498 -0.0232632 -0.175435
0.105665 -0.0105771 -0.259444
0.0774651 -0.0239904 -0.151679
0.108951 0.0142564 -0.541797
0.0969386 -0.0187921 -0.179045
0.0453862 -0.0299968 -0.136623
0.094326 -0.117372 0.238789
0.23522 -0.0266569 0.081788
-0.729166 0.00170498 -0.313555
-0.734607 0.000519868 -0.19903
-0.736869 0.000304392 -0.17926
-0.730836 0.00151644 -0.296505
0.00977898 -0.0273572 0.232163
0.133758 0.0274273 -0.0119436
0.374848 -0.029916 0.484996
-0.400432 0.106857 -0.00709544
0.336789 0.11157 -0.0196469
0.442103 0.11157 -0.0219363
0.089828 0.0264038 0.828247
0.0963461 0.0292858 0.855478
0.563227 -0.0494434 0.0466387
-0.67589 0.00520645 -0.147235
0.530609 0.0746972 0.0586783
0.0894778 0.0462006 -0.0119436
0.0846835 0.0927971 -0.0119436
0.319928 0.077229 -0.0844779
0.265548 0.0770135 -0.0846126
0.185876 0.00194739 -0.0789294
-0.361377 0.0640311 0.0665701
-0.541891 0.0738083 0.0367807
0.222776 0.0338108 -0.0119436
-0.326443 -0.0673009 0.027192
0.270046 -0.0884983 0.238977
-0.636458 0.0228754 0.00289722
0.172732 -0.0638264 -0.0541229
-0.0487225 -0.0462921 -0.111951
0.14332 -0.00966133 0.220743
-0.49955 0.0565703 -0.00173549
0.589515 0.0513181 0.0635265
0.522556 -0.0218087 -0.0882218
0.737411 0.0492172 0.012001
0.356074 0.00706492 -0.262595
0.0321345 -0.0236133 0.40088
0.173863 -0.0398548 0.271837
0.0363902 0.057917 -0.0961136
0.564385 0.0790605 0.0537493
0.208151 -0.01389 0.0693713
-0.0836833 0.0773906 0.0604829
-0.694501 -0.0218626 0.0212934
-0.587168 0.0305786 0.00133502
0.0466791 0.0189969 0.731472
0.137071 0.0146874 0.761154
0.209713 -0.0315859 -0.527225
0.0965346 0.0208553 -0.0119436
0.115389 -0.0369459 -0.0119436
0.370053 -0.0425482 0.474922
0.0759568 -0.0755967 -0.0295318
0.130553 -0.0752196 -0.0316596
-0.0839527 -0.0751927 -0.0318751
0.319848 -0.0650384 0.204743
0.309074 0.0125865 -0.253734
0.694155 -0.171968 -0.00523696
0.0796198 -0.0361109 -0.0119436
0.00398809 -0.0500629 -0.0119436
0.000755967 0.0346727 -0.0119436
0.0308955 0.0605566 -0.0119436
0.0168089 0.0155223 -0.0119436
-0.0338278 -0.0199233 -0.0119436
0.0093211 0.0649738 -0.0119436
0.396099 0.0160071 -0.40866
0.131549 -0.00545957 0.605716
0.138606 -0.0168797 0.517694
0.108951 0.0331643 0.737182
0.0859494 -0.0266031 0.26109
-0.749798 0.0150106 -0.344718
0.140141 0.0547118 -0.9721
0.442641 -0.13197 -0.260117
-0.673008 0.00103162 0.0129976
0.174348 0.0073612 -0.717624
0.119806 -0.11045 0.220823
0.422764 -0.0655502 -0.229816
-0.0273635 -0.0354375 0.0749467
0.233254 -0.0232901 0.14468
0.226439 -0.0109542 0.290314
-0.35529 0.00431762 -0.0119436
-0.303441 -0.00793753 -0.0119436
0.0205797 -0.0670046 0.0547459
-0.575586 0.10753 -0.000631185
-0.537716 0.0950595 -0.00130454
0.092683 0.0384435 -0.946594
-0.489962 0.0305517 -0.0921542
0.311579 -0.0362994 0.189795
0.781934 -0.0333366 0.00742219
-0.45492 -0.0259836 -0.0825656
0.425861 -0.0179841 -0.272884
0.344897 -0.0978176 0.243179
0.0869191 0.00913887 -0.519764
-0.211056 0.0288548 -0.0119436
-0.208794 0.0098661 -0.0119436
0.222372 -0.0292965 -0.295186
0.0572643 -0.0495242 -0.239458
0.376679 -0.0783171 -0.0143947
0.402024 -0.0773205 -0.0199701
0.369892 -0.077132 -0.0209666
0.487379 -0.0786941 -0.0122668
-0.0648831 0.00892339 -0.0119436
-0.0856226 0.0305786 -0.0119436
-0.0908748 -0.0513288 -0.0119436
-0.739482 0.00359038 -0.0119436
0.0588534 -0.027842 -0.129485
-0.0937029 0.025084 0.077694
0.287984 0.047655 -0.099615
0.114096 0.0466854 -0.0119436
0.219113 0.0327065 -0.0490323
0.142296 -0.053726 -0.0693408
-0.209682 -0.0573891 -0.0656508
-0.172432 -0.0515712 -0.0714955
0.225146 -0.0955012 0.273291
0.19164 0.0283431 0.077694
-0.287119 0.000816142 -0.0119436
-0.248656 -0.036488 -0.0119436
0.130499 0.05218 0.925885
0.120075 0.0457696 -0.888281
0.750501 -0.010604 -0.0579745
0.245159 -0.0156946 -0.080761
-0.141188 0.0425914 0.0774246
-0.0381911 -0.044272 -0.192997
0.0157315 -0.0268724 -0.384096
-0.0200104 -0.0402857 -0.243741
0.0325116 -0.00758738 -0.544302
-0.580057 0.0814038 -0.000819726
-0.241761 -0.029485 -0.056951
0.455274 0.00606835 -0.0982683
0.0779768 0.0246261 0.805434
-0.649171 -0.00570197 -0.063523
-0.773284 0.00213593 0.164477
-0.778563 0.00235141 0.124587
-0.784624 0.00262075 0.0799834
0.676055 0.0534998 0.0444031
-0.0371946 -0.0590321 -0.0954133
0.0405111 0.00213593 -0.097568
0.106042 -0.00475927 -0.0963021
0.0377907 -0.0693479 -0.0584862
0.00342247 -0.0693479 -0.0180039
0.442399 -0.0258489 0.204663
-0.110402 0.053015 0.0738963
-0.0491534 0.056301 0.0727919
0.192152 -0.0171222 0.502584
0.0419117 0.0159802 0.673725
0.521478 0.0995037 -0.0559275
-0.185792 0.0264307 0.00976549
0.714948 -0.0555575 -0.0412213
-0.648012 0.12396 -0.0233907
-0.801458 0.00722653 -0.376608
0.357098 -0.0436256 0.492672
0.20174 -0.0904106 -0.245465
-0.421387 -0.0354914 -0.0792796
0.103026 -0.0272764 -0.450839
0.177419 -0.000772982 0.630226
0.170281 0.048086 0.971862
0.120425 0.0363157 0.754528
0.204515 0.097322 -0.0636307
0.0539783 0.0902652 -0.0717918
0.434103 0.0978607 -0.0630112
-0.0736368 0.0895111 -0.0726807
0.086138 -0.0612676 0.162349
0.105585 -0.0489317 0.266208
0.10949 -0.0371075 0.358485
0.140465 0.0411369 -0.989231
-0.0112029 -0.0231016 0.336183
0.0236502 -0.00397818 0.479393
0.0813975 0.0443421 -0.940022
0.127455 0.0505909 -0.934635
0.156733 0.0175424 -0.807074
0.221887 -0.091892 0.23825
0.235597 -0.0100923 -0.0119436
0.690088 0.0707917 0.0210241
0.112722 0.0542001 0.0228825
-0.442584 0.102062 -0.024091
0.132977 0.0812691 0.00176598
0.369919 -0.0141055 -0.282903
-0.777971 0.0148759 0.114028
0.164436 0.0307672 0.0368615
-0.708372 0.0159263 -0.251579
-0.689303 0.0194547 -0.104598
-0.366171 0.109254 -0.0164686
-0.557836 0.0269694 0.0594864
-0.80205 0.00582594 -0.305097
-0.129876 -0.0114659 -0.0942012
-0.760733 0.014418 0.290745
0.217281 -0.0399894 -0.44354
0.221429 0.0151722 -0.501234
0.0583686 -0.0257681 0.460809
0.215477 -0.0169067 0.446964
0.202279 -0.00171569 0.581313
-0.479188 0.0713034 0.051406
-0.460711 -0.0689978 0.00591387
0.13602 -0.134368 -0.238462
-0.0724517 -0.0682436 0.0259261
0.176826 -0.0692132 0.0241484
-0.00409222 -0.0620218 -0.0979451
-0.0223807 -0.0663851 -0.0505406
-0.143801 -0.0552343 0.0439452
0.0601463 -0.055773 0.0434065
0.0246737 -0.053322 0.0458576
-0.124408 -0.0518136 0.0473659
0.235139 -0.0797985 -0.216914
-0.341149 0.0631154 -0.0129941
-0.665681 0.0149836 0.0810608
0.212326 -0.0534028 -0.0564392
-0.745569 0.127219 -0.00254353
-0.756504 0.00113936 0.201188
0.133893 0.0266193 0.853189
0.00458065 0.100824 -0.00984274
0.270719 0.000950817 -0.247943
-0.0315653 -0.000988459 -0.0119436
-0.0463253 0.0500791 -0.0119436
0.16379 -0.131728 0.255057
0.00821679 -0.0543993 -0.171584
0.35392 0.11157 -0.011782
-0.125647 0.11157 -0.00717624
0.798175 -0.00365496 0.0184114
-0.513583 0.0685561 -0.0724652
0.258841 -0.0357877 0.27453
-0.677559 0.1454 -0.000981332
0.531525 -0.0600017 0.0374002
0.290004 -0.0123548 0.419276
0.820962 -0.00699482 -0.0185156
0.247583 0.0816193 0.0577356
-0.0678728 0.0810537 0.0581127
0.278153 0.0174077 -0.493881
0.26245 -0.0343063 0.418279
-0.730782 0.134114 -0.00160082
0.718907 0.0502677 -0.0452345
0.443342 -0.0846736 0.231328
0.253885 0.0804611 -0.082377
0.523175 0.110843 -0.00195097
0.152477 -0.0160178 -0.155531
0.152935 -0.00785673 -0.249693
0.15579 0.00614915 -0.411461
0.157622 -0.000476708 -0.334914
0.0864881 0.0416487 -0.897681
0.140114 0.0356154 0.727809
0.246936 0.0335953 -0.0119436
0.676728 -0.0472887 -0.0138829
-0.00226068 -0.0177955 0.067836
0.488672 -0.0751657 -0.0325484
0.0137383 -0.0259028 -0.263834
0.131819 -0.00298161 -0.0119436
0.140761 0.00243221 -0.0119436
0.579953 -0.0387505 -0.077071
0.102945 0.00617608 -0.465626
-0.424215 -0.000853789 0.0692905
0.115631 0.00466776 -0.704696
0.235058 -0.00605212 0.0528605
-0.391436 0.0959214 0.0337371
-0.745569 0.00111242 0.233698
-0.702447 0.0118054 0.26812
0.308616 -0.0658464 -0.482864
-0.781472 0.0101085 -0.385497
0.0646713 -0.0284615 -0.0119436
-0.0200912 -0.0660889 -0.0119436
0.075445 -0.0564733 -0.0119436
0.0132535 -0.0640419 -0.0119436
0.380854 -0.0702637 0.262976
0.596248 0.0999077 -0.0484666
0.382632 0.0490018 -0.0991571
0.396503 0.0222559 0.391803
0.697737 0.0676942 0.0138326
0.162362 0.0220135 0.572748
0.100898 -0.0376462 0.350162
0.0978544 -0.0628837 0.155642
0.106527 -0.000288167 0.433228
0.66011 -0.0176339 0.0549883
0.204649 -0.0760815 -0.0268922
-0.070674 -0.0770781 -0.0213707
-0.0401843 -0.0335521 -0.0936087
0.191963 -0.00532489 -0.29699
-0.202868 0.107988 -0.0400901
0.0399186 0.110089 -0.0308516
0.147414 0.0433725 -0.841119
0.0553789 -0.0229669 0.177297
0.107874 0.0146874 0.524616
0.0667452 -0.0260374 0.122378
0.0768725 -0.00648307 0.331766
0.0542476 -0.0255795 0.148882
0.0625704 -0.0181457 0.221012
0.0794582 -0.0225898 0.14072
0.0707584 -0.019654 0.189391
0.198185 -0.0387505 -0.215379
0.122499 -0.00597132 0.601702
0.542191 0.0171114 -0.095521
-0.804501 0.0117246 0.0475275
0.223288 -0.00602519 0.347253
-0.0499884 -0.0493895 0.107079
-0.0133846 -0.061914 -0.0919657
0.700996 0.0369082 0.0431911
0.535134 0.0915581 0.0423561
0.179843 -0.0630722 -0.46498
-0.323507 0.00973142 0.074839
0.142458 0.0366658 -0.95462
0.426185 -0.0651731 0.216891
0.583508 -0.0727955 0.0131862
-0.0812054 0.0554929 -0.0969485
0.313087 -0.0776168 -0.27854
-0.0586882 -0.0659811 0.00591387
0.13295 -0.00651 -0.518741
-0.0348513 0.0115899 -0.0119436
-0.190559 0.0399249 0.077694
-0.0113106 -0.0205698 0.374161
-0.110321 0.00932741 0.0749736
-0.661426 -0.0396662 -0.0255994
0.182132 -0.0156408 -0.0119436
0.184017 -0.00338562 -0.0119436
-0.379746 0.107369 0.00305883
0.132061 0.0446115 -0.861831
0.28249 -0.064796 -0.0562507
-0.876012 0.0227407 -0.0117551
0.326312 -0.00424752 -0.269733
-0.0438474 -0.00276613 0.048551
0.428555 0.098965 0.0368884
0.347132 0.104002 0.0263301
0.407546 0.103409 0.0275691
-0.0142465 0.0983455 0.0381813
0.26377 -0.01389 0.261521
0.128613 0.0433994 0.827386
0.0485914 -0.0710986 0.0200275
0.223934 -0.0165565 -0.223675
0.224204 -0.00920344 -0.329204
0.280658 0.0130982 0.482518
0.161339 -0.0842426 -0.254191
0.192286 -0.0148866 0.418629
0.416623 -0.0284885 0.0635534
0.322029 -0.101023 0.237307
0.217147 0.0580248 -0.0271885
0.721816 -0.063153 -0.0361038
-0.754026 0.00235141 0.353233
0.575105 0.086683 0.0455882
0.247852 0.0147412 -0.465599
0.0129303 -0.034441 -0.162803
0.0260204 -0.0317475 -0.162561
0.0135229 -0.0355183 -0.148285
0.169769 0.0392515 -0.808124
-0.41029 -0.00791059 0.0684286
0.129206 -0.0693479 0.0433257
-0.188835 0.0184312 0.0766436
0.220918 -0.00653694 0.472983
0.496753 0.0511834 0.0730074
0.0375753 0.0177848 0.703272
0.404853 0.101497 -0.0554696
0.17451 0.105402 -0.0472815
0.0405111 0.106614 -0.0447497
0.159965 -0.0604326 -0.46428
-0.0609507 0.0588059 -0.0958173
-0.692427 0.00165111 -0.152622
-0.423541 -0.0528371 -0.0659471
0.195411 0.0431031 -0.0460964
-0.491982 0.0627383 -0.0218016
-0.588568 0.0668862 -0.0246836
0.17257 -0.0572274 0.270921
-0.593686 0.0787373 -0.00752639
0.139441 -0.0681628 -0.0389588
0.0423965 -0.00147328 -0.600729
0.0285253 0.0014087 -0.605012
-0.676698 0.000789212 0.031717
-0.00358047 -0.017203 -0.411865
-0.00506186 -0.0209738 -0.370252
0.0277981 0.00165111 -0.560732
-0.81444 0.0163573 0.00925373
0.0813975 0.0874102 -0.0751048
0.449025 0.0838279 -0.0792796
0.365232 0.0825351 -0.080761
0.18426 0.085417 -0.077448
0.153851 0.0147143 -0.490568
0.0990665 0.0184851 0.0766705
-0.200498 0.0607721 -0.0951709
0.06723 0.00717266 -0.530538
0.0830944 0.0274542 -0.736505
0.0631629 -0.0693479 -0.0238486
0.02128 -0.0693479 -0.0331679
0.136505 -0.176735 0.249077
0.207801 -0.0307509 0.271218
0.163063 -0.10614 0.233725
-0.704467 0.00410214 -0.271618
-0.0335854 0.0330297 -0.101581
-0.0846799 -0.0546687 -0.0785524
-0.777836 0.0155492 -0.0911038
0.418023 -0.0217279 0.233159
0.188704 0.0126942 0.490706
0.192152 0.0131521 0.503419
0.197862 -0.0121662 0.199545
0.21176 -0.00914958 0.265696
0.188596 0.009085 0.445267
0.294772 -0.0687554 -0.219688
0.0144386 -0.0288117 -0.0119436
0.0484568 0.0158455 -0.0119436
0.0143578 -0.0129204 -0.0119436
0.00204882 -0.0614831 -0.0119436
-0.757689 0.0147682 -0.315198
0.116897 -0.00659081 0.267528
0.111753 -0.0194924 0.125529
0.137663 -0.0162603 0.13299
0.127886 0.000277456 0.333894
-0.850263 0.00418294 -0.00669142
0.215073 0.00671478 0.533424
0.710665 -0.130462 -0.0112433
0.25305 -0.0230208 -0.0576243
0.0965885 -0.0637186 -0.272022
-0.791654 0.0403828 -0.00545244
0.424622 -0.0177416 0.250236
-0.890664 0.00719959 -0.0122938
0.13427 0.0544425 0.948375
0.551726 -0.0859664 -0.0349187
0.169742 -0.0322862 -0.422666
0.159346 -0.0121124 -0.578293
0.133542 -0.0471809 -0.30771
0.132034 -0.0425751 -0.343317
0.125354 -0.0564194 -0.236469
0.16352 -0.0409321 -0.355976
0.171789 -0.0567696 -0.233748
0.157218 -0.0587896 -0.21818
0.687448 -0.0735227 -0.0365886
0.194441 -0.0455379 -0.52297
0.307566 0.0110781 -0.267928
0.123227 -0.0415247 -0.35129
0.122338 -0.0369459 -0.386682
0.141219 -0.0164757 -0.544571
-0.685236 0.027131 0.0368345
-0.164567 0.0352114 -0.0119436
-0.0840335 0.0818078 -0.0119436
-0.387719 0.0220943 -0.00556018
-0.792866 -0.010227 0.00540212
0.0146002 -0.0594361 0.0397165
-0.447109 0.112513 -0.00626047
0.501305 0.0355615 0.0752699
0.659544 0.0065801 -0.081973
0.0488069 0.0289087 -0.831692
-0.801108 0.00539499 -0.269005
0.328817 -0.031559 0.272914
0.0883196 -0.0732803 0.0137787
0.26474 -0.0825188 0.256377
-0.176849 0.00768441 -0.0985646
-0.794832 0.269298 -0.00825361
0.283486 -0.0616447 0.440258
-0.104234 -0.00931118 -0.0683442
0.177526 -0.0096344 -0.273423
-0.0221383 0.0283431 0.0310436
-0.109567 0.064489 -0.001116
-0.0606544 0.0360194 0.0215897
0.0993358 -0.111797 0.2212
0.38511 -0.0271417 0.460001
0.447382 -0.0372152 -0.0818653
-0.0947803 -0.0461305 -0.0762091
0.154363 -0.0465614 -0.0759397
0.0242966 -0.0427906 -0.0783369
-0.0220575 -0.0276535 -0.0878716
0.313249 -0.0214047 -0.0903227
0.318959 -0.0138631 -0.0932585
0.267191 -0.0245291 -0.0891106
0.104884 0.0595331 -0.0955749
0.109652 0.0300938 0.700282
-0.693612 0.0171923 -0.174493
0.324965 -0.00236211 0.425875
0.0969656 -0.0529449 -0.255134
0.111214 -0.0347642 -0.401199
0.108871 -0.0544801 -0.249343
-0.666597 0.0177579 0.0458845
0.0158931 -0.0100115 0.482895
0.037279 -0.000234295 0.579805
-0.475013 0.0982917 -0.0112972
-0.414815 0.0803534 -0.00491375
0.241307 0.0180541 0.469778
-0.849212 0.00652623 0.00806862
0.148841 0.0318176 -0.917316
0.0257241 -0.0352759 0.224944
0.207504 0.0961639 0.0410632
-0.21243 0.0960292 0.0412248
-0.171624 0.0873563 0.0512983
-0.22921 0.0896727 0.0486049
-0.635299 -0.0243944 0.0317709
0.230398 0.069849 0.0654119
-0.820177 0.00464083 -0.0386625
0.151912 0.0488132 0.880904
0.345408 -0.098033 0.224055
0.182186 0.0417833 0.849849
0.179681 0.00412908 0.374915
0.171547 0.0143372 0.488982
0.179493 -0.0127049 0.17657
-0.743199 -0.000611377 -0.0665396
-0.166991 0.0642466 -0.00852296
-0.125593 0.0773637 -0.01057
-0.0714012 0.0408406 0.0174149
-0.740074 0.0190777 -0.121971
0.678317 0.0203436 -0.0785254
-0.0372484 -0.0424405 -0.207406
0.201282 0.0221482 -0.688077
-0.602143 -0.0386966 -0.0495171
-0.00393062 0.0356154 -0.0531802
-0.128287 0.0705493 -0.0168457
-0.108678 0.0671017 -0.0213976
0.141892 0.048894 0.880877
0.0725092 0.0206398 -0.68067
0.0881042 0.0372045 -0.842304
0.0362555 0.0083039 0.0747851
-0.140623 0.025111 0.077694
0.51628 0.0636271 -0.0909691
0.108547 -0.169113 0.259474
0.0552981 0.0290972 0.816046
-0.807329 -0.00653694 -0.02902
-0.499793 0.0162226 -0.0225827
0.527673 0.0821849 0.0536147
-0.699942 -0.0013386 -0.0211283
-0.498554 0.0807843 -0.00216644
-0.433911 0.0835047 -0.00415959
-0.112342 -0.0333097 -0.0819191
0.209524 -0.000988459 -0.0119436
0.236162 -0.0597323 -0.46059
-0.111857 0.0523147 -0.0119436
-0.0866461 0.0674518 -0.0119436
-0.113311 -0.0198695 -0.0119436
-0.123304 -0.0114659 -0.0119436
0.284941 0.110358 0.00575226
0.372235 0.1078 0.0170647
0.265467 0.110951 0.00311269
0.393217 0.0199934 0.530138
0.153851 -0.0693479 -0.0821077
0.139845 -0.0693479 0.0998071
0.0566448 -0.00144634 0.460405
0.186307 -0.0313166 -0.0119436
0.196838 -0.0352221 -0.0119436
0.388503 -0.0172299 0.260228
0.196704 0.022229 -0.7608
-0.285637 0.0367735 0.077694
0.24664 0.0657549 -0.0919657
-0.791627 0.00480243 0.307175
-0.788206 0.00394053 0.236364
-0.440348 0.0638157 0.0606445
0.165567 -0.14603 0.210911
-0.69574 0.0211785 -0.06188
-0.723994 0.0173269 -0.246219
-0.720843 0.0182158 -0.208107
-0.501059 0.0844205 -0.0555504
-0.809888 0.189895 -0.0148525
-0.168473 0.0245453 0.077694
0.196488 0.0048563 0.0518639
0.559375 -0.0776976 -0.0226366
0.0102907 0.0396017 0.077694
0.294448 -0.0625335 0.443382
-0.699753 0.0173 0.166551
0.335847 -0.0995952 0.240458
-0.205858 -0.0351143 0.0442684
0.44186 0.00895033 -0.169644
0.178092 -0.0283807 0.426333
0.100736 -0.0477735 0.4666
-0.0683307 0.00415601 0.0740309
-0.804555 0.152618 -0.0156606
0.179088 -0.0880673 -0.253761
0.176637 0.0316829 -0.72662
-0.446759 -0.0149674 0.0636881
0.0677418 -0.0693479 -0.062284
0.112345 -0.0693479 -0.0492477
0.17389 0.0536883 0.0178727
-0.349526 0.0405982 -0.100288
0.369057 -0.0783709 0.255811
-0.819988 0.0156301 -0.0163339
0.112884 -0.0510864 -0.222921
-0.129553 -0.0247446 -0.0741351
-0.45325 0.0732966 -0.0769363
0.147791 -0.143902 0.242371
-0.52204 0.09242 0.00216999
-0.545339 -0.0487701 0.0282155
0.0154083 0.0265385 0.0370231
0.0499381 0.0351036 0.0340334
0.305949 -0.0496589 -0.299064
0.161042 -0.0691324 -0.0745391
0.06354 0.00846551 0.670735
0.0783808 0.0327873 0.868299
0.175398 0.0293397 -0.87546
0.0124186 -0.0609983 0.0880099
0.138525 -0.00249679 -0.314013
0.126701 -0.0185227 -0.143276
0.130795 -0.0096344 -0.240617
-0.464078 0.105106 -0.0202663
-0.551641 0.0884337 -0.0231483
-0.643514 0.106291 -0.0251415
-0.761783 0.308488 -0.00696076
0.344924 -0.0874478 -0.256696
-0.676671 0.0822927 -0.0251415
0.183748 -0.00812607 -0.242017
0.271016 -0.0118161 0.205309
0.158268 0.0923392 -0.0107854
0.191559 0.0567589 0.0116778
0.690599 -0.132105 -0.00623354
-0.0692196 0.0462275 -0.0119436
-0.379988 0.0705493 -0.00642208
-0.604487 0.125495 -0.00642208
-0.0220575 0.0428338 0.0773708
0.148437 0.0258921 -0.639353
0.143427 0.00429068 0.366134
0.315161 -0.0352221 -0.524424
-0.259673 -0.0420634 0.0549075
0.693616 -0.0563925 0.0242293
0.68023 -0.0636648 -0.036831
0.269346 0.110035 -0.0310401
0.158888 0.108069 -0.039713
-0.169819 0.107557 -0.0420293
0.338513 -0.0767549 -0.284358
0.269669 -0.0606481 0.43778
0.24594 -0.0364341 0.199949
0.269777 -0.0657118 0.271056
0.0665567 -0.024987 -0.109689
0.804828 0.0247608 0.00311269
0.366767 -0.0325286 -0.216807
0.567779 0.0371237 0.0705833
0.552641 -0.0402318 -0.000227169
0.0543015 -0.00923038 -0.364299
-0.502297 0.113483 -0.0178961
0.298246 0.0099469 -0.26141
-0.749744 -0.0319899 -0.0115396
0.287472 -0.0863435 0.220662
0.555496 0.110547 -0.0193506
-0.765958 0.28896 -0.00561405
0.250492 -0.0753543 -0.48774
0.554769 -0.0880942 0.0152601
-0.0903361 -0.0236672 -0.0119436
-0.0741485 -0.0240982 -0.0119436
0.174294 -0.0312088 0.407128
0.234385 -0.0259297 0.103659
0.47569 0.110035 0.00709898
0.231233 -0.0531334 0.167763
0.196246 0.00938128 0.669981
0.0971272 -0.0120585 -0.265315
-0.194788 -0.0162603 -0.0923428
0.132384 -0.12117 0.232567
0.137987 0.00631076 0.484403
0.283648 -0.0698866 -0.0467967
-0.0770036 -0.0692402 -0.0479818
0.240095 -0.00494781 -0.445453
0.275379 -0.0685399 -0.293543
0.134728 0.0232525 0.827278
0.195572 0.000115851 -0.0119436
0.0763069 0.0228215 0.790351
-0.0602504 0.0198857 -0.1008
0.12355 -0.176304 0.242936
0.216473 0.0433186 0.0771822
0.0322423 -0.0259297 -0.262272
-0.207312 -0.0421442 -0.0282659
-0.175772 -0.0454302 -0.0364539
-0.733583 0.0190507 0.130943
-0.737058 0.0189699 0.11858
0.428555 -0.00136554 0.0730344
0.245239 -0.106329 -0.217534
0.11116 -0.0646344 0.210076
-0.757878 -0.0105502 0.0142366
0.277614 -0.0994605 0.270248
-0.760086 0.00216286 0.319672
0.795482 -0.027438 0.00494423
0.570714 0.0690409 -0.0842894
0.297465 -0.0883097 0.232378
-0.763965 0.0022706 -0.327695
0.764561 0.0031325 -0.0542306
-0.612136 0.049729 0.0401205
-0.040292 0.0962716 -0.0648428
-0.115978 0.0966756 -0.0643579
0.165891 0.0945478 -0.0668628
0.810807 -0.0124625 -0.0304475
-0.773985 0.0931472 -0.0184887
-0.632741 -0.042225 0.00933454
0.191694 -0.0199772 0.471906
-0.315965 0.0605027 0.0713644
-0.402371 -0.0740884 0.00136196
-0.793431 0.0098661 -0.311831
0.148222 0.00159724 0.335187
0.15412 -0.00484008 0.260848
0.150296 -0.00346642 0.276631
-0.859771 0.00251301 -0.0226635
0.0283637 -0.0287309 -0.193293
0.039757 -0.0098768 -0.393146
0.0466252 -0.0230477 0.192084
0.169904 0.050133 0.918801
-0.134293 -0.00896104 0.0712836
0.264524 0.0129905 0.437861
0.14938 0.0276697 -0.885291
-0.0326427 -0.0144018 -0.0806802
0.412637 -0.07794 0.21716
-0.0863229 0.105887 -0.046258
0.4633 0.105914 -0.0462042
-0.6179 0.00927354 -0.0720612
-0.788314 0.016061 -0.0373697
0.0025067 0.0412177 -0.0505137
-0.251323 0.0726232 -0.0874946
0.0555136 -0.0244752 0.211773
0.372262 -0.0490933 -0.296505
0.0463289 0.00372506 -0.540019
0.322703 -0.0598131 0.480013
0.0968848 -0.0693479 0.0590015
-0.787102 0.014418 0.046477
0.165271 0.0309018 0.679166
0.263474 -0.0195462 0.197956
0.0694925 0.0306594 0.782001
0.0752834 0.0371506 0.845512
0.124035 0.00849244 -0.456415
0.127509 0.0193739 -0.577323
0.156383 -0.118368 0.210373
0.0783808 0.0457427 -0.100261
-0.54076 0.0499983 -0.00036184
0.0199871 -0.00888023 0.496039
0.0330772 -0.00580971 0.534178
-0.807679 0.0161149 -0.00135841
0.351846 0.0382549 0.077694
-0.707699 -0.0308587 -0.0255994
-0.826534 0.0097853 0.0197851
-0.756774 0.00224367 -0.3671
0.00379955 -0.0350066 0.154915
0.0435008 0.0167344 -0.702918
0.134647 -0.0145903 0.422858
-0.0730173 0.109873 -0.0318212
0.0658294 0.110089 -0.0307708
0.240526 0.111032 -0.0266229
0.133031 0.03944 -0.801525
0.788533 0.0290972 0.0136171
-0.679122 0.0154146 0.039528
-0.721085 0.00493711 -0.366185
0.096777 0.0214209 -0.101069
0.222722 -0.0441104 0.499486
0.188785 -0.0287847 -0.434786
0.205242 -0.0578739 -0.201346
0.184772 0.0471164 -0.0997766
0.289089 0.0589136 0.0719031
0.322891 -0.0524601 0.431127
0.345651 -0.0666006 0.19564
0.377783 -0.0724723 -0.0399823
-0.762537 0.0164381 -0.145565
0.227274 -0.0156677 0.22691
0.210144 0.00647236 0.467434
0.370053 -0.016368 -0.504493
0.224284 -0.0619679 0.0817072
0.15544 -0.011035 0.249508
0.0857339 0.0355615 0.804545
0.671853 -0.108268 -0.00704157
0.519862 0.0143103 0.0725765
-0.730809 0.179472 -0.0222595
-0.209602 0.0362079 -0.0243334
-0.206558 0.0470894 -0.0190812
0.100709 0.0464969 -0.925073
0.0935449 0.0303901 -0.752693
0.0816938 0.00983916 -0.536733
0.0939489 0.0245453 -0.685707
0.121718 0.0370968 -0.786226
-0.00137185 -0.048366 -0.0747277
0.0811282 -0.0483391 -0.0747546
-0.0577724 -0.0497666 -0.0733271
0.108709 -0.0529718 -0.070095
0.0830674 0.0389014 -0.0119436
0.0712971 0.0306056 -0.0119436
0.0712702 0.0498098 -0.0119436
0.281331 0.00520645 0.4405
-0.20338 -0.0329326 -0.0846126
0.155252 -0.0560423 -0.509772
-0.14943 -0.0478543 -0.0507022
-0.771722 0.0159802 0.0848316
-0.769944 0.0139063 0.245657
0.324911 -0.0819801 -0.278244
-0.781796 0.00216286 -0.0686405
-0.764584 0.00173191 -0.24533
0.758366 -0.0284885 -0.0487629
-0.807895 0.00631076 0.251582
0.228621 -0.0700482 0.195047
-0.779318 0.016896 0.0145329
0.150619 -0.0693479 -0.107345
0.300185 -0.00115006 0.251529
0.0763877 0.0105933 0.696889
-0.260508 -0.0338484 0.0601328
-0.763534 0.0139332 -0.32678
0.102352 0.00881566 0.472794
-0.528101 0.00660704 0.0614256
0.392705 -0.118799 -0.47877
0.217228 -0.0579277 -0.182223
0.201875 -0.0246907 -0.445453
0.20104 -0.00750658 -0.569189
0.196219 -0.0211623 -0.480225
0.421848 -0.0775898 0.222655
0.443423 -0.119392 -0.263807
0.138983 0.0341878 -0.734943
-0.482393 0.0913695 0.0215089
-0.734283 -0.00115006 -0.0385548
0.51725 -0.0729841 0.0155294
-0.223796 -0.00120394 0.0192733
-0.31672 0.00989303 -0.00378251
-0.314296 0.0184312 -0.00809201
0.661995 0.0788989 0.037885
0.37043 0.0398171 -0.101581
0.0197447 -0.0233979 0.255703
0.597837 -0.0603249 -0.0571126
0.17424 -0.00715643 0.222062
0.25666 0.0174885 0.448176
-0.230934 0.0192931 -0.0119436
-0.230099 0.0319523 -0.0119436
-0.588649 -0.0244752 0.0404437
0.78864 0.0317368 -0.0351072
-0.433911 0.0893764 -0.061449
-0.67492 0.0771212 0.00149663
-0.24704 -0.0714488 0.018977
0.106258 0.109335 -0.0341645
0.32615 0.107719 -0.0412752
0.700646 -0.068486 0.0129168
-0.160096 -0.0461844 -0.0119436
-0.243323 -0.0100923 -0.0119436
0.194118 0.11157 -0.0197546
0.268457 0.11157 -0.0182193
0.229429 0.11157 -0.0166571
0.399627 -0.0683783 0.262275
-0.737219 0.0170037 -0.0119436
0.154686 -0.0536721 -0.293731
-0.598857 0.0300669 0.00168517
-0.621105 0.0538499 -0.0590788
0.656608 -0.0685399 -0.0347032
0.0735596 0.0831007 -0.0271346
0.0312457 0.101658 -0.0144216
-0.664577 0.151541 -0.00240885
0.331564 0.0140409 0.473306
0.0998745 -0.152548 0.222089
0.0855454 0.0195355 0.617297
0.120695 0.0498637 0.91064
0.101437 0.0349151 0.768938
0.091848 0.0295551 0.721641
0.60915 -0.0657387 0.0260339
0.396233 0.0330566 0.369905
0.727984 0.0295013 0.0364305
0.114688 0.0380395 0.784021
-0.318928 0.0901036 -0.0718996
-0.61957 0.0262961 0.00235853
0.276941 -0.0368381 -0.29866
0.00897095 -0.0728763 0.0149638
0.291809 -0.0802833 0.249912
-0.470838 -0.028273 0.055958
-0.776624 0.215483 -0.0053447
-0.169739 0.0519915 -0.0119436
-0.176176 0.0663475 -0.0119436
-0.123304 0.00841164 -0.0119436
-0.518027 0.0860635 0.0236367
0.16247 0.0302824 0.669954
0.171924 0.0230909 0.811764
0.117732 -0.0757044 0.268336
0.266598 -0.0667084 -0.217615
0.354808 0.013583 0.465899
-0.772153 0.016492 0.045265
0.393756 0.0113475 -0.546456
0.52059 -0.0783171 -0.0143677
-0.200471 -0.0786941 -0.0122668
0.381339 -0.0757314 -0.0288315
0.213591 -0.0764317 -0.0248991
0.243435 -0.0262798 -0.294431
-0.789741 0.00385973 0.206494
-0.831813 0.0479782 -0.0139906
0.0919288 -0.00618679 0.309653
0.11652 0.0257304 0.637956
0.0915518 -0.0184689 0.167816
0.0968309 0.0100546 0.489709
0.108116 0.0112398 0.484295
-0.719766 0.0257574 -0.0254108
0.0498843 -0.00088072 -0.0799529
-0.141673 0.0140409 -0.0997228
-0.409886 0.0506447 -0.00472521
-0.0301916 0.066132 -0.0320636
0.136505 0.0281007 -0.667284
0.623452 0.0233063 0.0642807
0.235031 -0.0369189 0.19028
0.13435 -0.0192769 -0.0119436
0.126082 -0.0480428 -0.0119436
0.12091 0.0252456 -0.864767
0.221672 -0.0054865 -0.267443
0.638185 0.0376624 -0.0832389
0.089397 -0.0137284 0.525343
0.0384372 -0.0543455 0.1749
0.0493995 -0.0254179 0.401984
0.0585302 -0.0561501 0.179021
0.0275557 -0.0577123 0.14002
0.0780576 -0.0492279 0.248458
0.0436624 -0.0485815 0.222843
0.0809396 -0.00726417 0.566391
0.0910669 -0.00664468 0.580047
0.0332927 -0.0313704 0.343078
0.0799161 -0.0388851 0.32778
0.1239 -0.0630991 -0.283658
0.720712 0.0167344 -0.0670244
0.117597 -0.00257759 -0.514728
0.192663 -0.0403935 0.320858
0.175856 -0.00686016 0.587373
0.0620856 0.0133945 -0.731065
0.296549 -0.00766819 -0.234556
0.243462 -0.0316937 0.023906
0.441456 -0.00923038 -0.204498
-0.16112 -0.0780747 -0.00817281
0.481993 -0.075866 0.004217
0.13699 -0.0260644 -0.470609
0.141488 -0.0224821 -0.498352
0.130418 -0.0103078 -0.592164
0.148733 -0.00898797 -0.60248
0.441052 -0.0524601 0.233913
0.214561 0.0166536 0.473252
-0.29765 0.0728117 0.0634726
-0.193279 0.0682868 0.0664085
0.191828 0.0667515 0.0674051
-0.0322386 0.0678289 0.0667048
0.151993 0.0401942 0.780412
-0.216982 -0.0370805 -0.0465543
-0.271335 -0.0294312 -0.0314711
-0.714567 0.0426452 0.0170647
-0.299643 -0.0181187 -0.0916155
-0.107763 0.0718152 -0.0880063
0.191532 -0.0665198 0.195586
0.35629 -0.0710717 -0.0440225
-0.761649 0.0182427 -0.0466082
0.0630283 -0.0388043 0.260632
0.240149 -0.0277074 -0.121486
0.774688 0.0216634 0.0246871
0.0161086 0.00146257 -0.591949
0.165675 0.00536805 0.688458
-0.758982 0.000950817 0.15874
0.257872 -0.00556731 0.498059
0.177095 0.0419449 -0.85534
0.0730209 0.0145257 0.581502
0.0505307 -0.0193308 0.227368
0.0817207 0.0318984 0.770096
-0.725691 0.248586 -0.0205896
0.442588 -0.0328788 -0.239889
-0.0208993 -0.0409321 0.145461
-0.0103141 -0.0405281 0.12386
-0.0189061 -0.0304008 0.267285
-0.18194 -0.0692132 0.0241754
0.338782 -0.099272 -0.248158
-0.667944 0.0145796 -0.0277541
-0.354859 0.0922853 0.0425177
-0.382035 0.059991 -0.0918849
-0.0356324 -0.0618871 0.0475275
0.0903128 0.0138255 -0.56857
0.151238 0.047655 -0.890866
-0.459606 -0.0686476 -0.0317943
0.182509 -0.0449992 -0.323036
-0.119614 0.0339185 -0.101581
0.186926 0.0746433 -0.0119436
0.167776 0.0779023 -0.0119436
-0.797606 0.00501791 0.250801
0.111402 0.0324102 0.724308
-0.324746 0.0449347 -0.100181
0.0215493 0.00789989 0.0747312
0.21642 0.00706492 0.0745696
-0.593821 -0.053295 -0.00954646
-0.736169 0.0658088 -0.00138535
-0.803559 0.124472 -0.00846909
0.0745831 -0.0344948 -0.380002
0.0586918 -0.0182803 -0.487766
0.0597692 -0.0248523 -0.439311
0.0846835 -0.0336868 -0.394951
0.0749063 -0.0166912 -0.514135
0.0793505 -0.0586011 -0.202908
0.0555405 -0.0564194 -0.198356
0.10246 0.0183774 -0.802064
0.0797545 -0.0250139 -0.455903
0.0768456 -0.0267377 -0.440227
0.56662 -0.0513827 -0.0690445
0.180408 -0.0692132 0.0773438
0.0324847 -0.0595707 -0.15413
-0.168796 0.0808921 -0.0821077
-0.697518 0.0197241 -0.116961
0.149999 0.00442535 0.681994
-0.716022 0.0444498 -0.0380969
0.162605 -0.138677 -0.283604
0.130041 0.0342417 0.721264
0.112695 -0.0411476 -0.291361
-0.0838988 0.11157 -0.00195097
-0.0521432 0.11157 0.000338453
0.678452 -0.136334 -0.0227982
-0.787667 0.284705 -0.00766106
-0.681249 0.0605027 0.00168517
0.2245 -0.0662505 0.455072
0.0433662 0.0471702 0.0260877
-0.0508234 0.0859288 -0.00607193
0.661914 0.0886761 -0.0525337
-0.228644 -0.0762701 0.00187371
0.020849 -0.0753543 0.00709898
-0.250111 -0.0780747 -0.00822668
-0.196215 -0.0765394 0.000365387
0.220487 0.0141487 0.443678
-0.676967 0.00394053 -0.134091
-0.781068 0.0122902 -0.284116
0.197242 -0.00370883 -0.0814882
0.140438 -0.0295658 -0.22152
0.22353 -0.00804527 -0.471579
0.229617 -0.0616986 0.481036
0.232041 -0.0426829 0.49989
-0.345432 0.110008 -0.0172228
-0.234193 0.0268078 0.00117342
-0.222746 0.0434802 -0.00569485
0.0384102 0.00552966 -0.58069
0.442291 -0.0210276 -0.302431
-0.406977 0.105564 -0.0279157
-0.695983 0.0012471 0.13159
-0.728546 0.0176771 -0.233075
0.0734249 -0.0583318 0.225348
0.153609 0.0159263 0.500402
0.156221 -0.0156138 0.136411
0.42535 -0.0249601 -0.088949
0.298569 -0.0238019 -0.08938
0.36771 -0.0177416 -0.0917502
-0.473612 0.0420527 -0.00232805
0.116978 0.0039944 -0.508237
0.205538 -0.0515982 -0.246973
-0.737946 -0.0013386 -0.00278593
-0.0799125 -0.011008 0.048955
0.0869999 0.0117515 0.525963
0.333261 -0.0315859 -0.296667
0.16818 -0.0630183 -0.0455577
0.0867844 0.0341878 -0.909343
-0.353485 -0.00672548 0.0707449
0.48439 0.0888108 -0.0727884
0.1413 0.0210708 0.810498
-0.803128 0.0120747 -0.0623917
0.132223 -0.0232093 -0.5227
0.258006 -0.0915149 -0.256858
0.170577 -0.02294 0.470936
-0.717072 0.306872 -0.0157683
-0.119587 0.0839356 -0.0791449
0.017994 -0.00257759 0.510476
0.126405 -0.113466 0.229469
0.126378 0.0222559 -0.843489
0.785328 -0.00303547 -0.0469583
-0.824783 0.00717266 -0.136892
0.393163 -0.0882828 0.466519
-0.03003 -0.0444336 -0.201508
0.00503853 -0.0342255 -0.31781
-0.0429585 -0.0506555 -0.140905
-0.00597763 -0.0470193 -0.211447
0.166914 0.00326717 -0.379221
0.145259 -0.0131089 0.546783
0.332426 -0.0525947 0.190253
-0.694959 0.0217442 -0.0333295
0.145124 -0.0693479 -0.133956
0.262343 -0.0193308 -0.222032
0.146013 0.0195355 0.798647
0.412233 0.0917197 -0.0701219
0.0912824 0.0849053 -0.0780137
0.0764146 0.0440728 0.923299
0.129233 -0.0747887 -0.252144
-0.549487 0.114156 -0.0186772
0.216473 -0.0325286 -0.364488
0.219005 -0.0528641 -0.215325
0.225281 -0.0497397 -0.226718
0.212352 -0.034818 -0.355249
0.19498 -0.0112774 -0.55284
0.00522708 -0.0593822 -0.119789
-0.512667 -0.0591398 -0.0416253
0.000351949 -0.0389659 0.253737
0.0170782 -0.0280306 0.353367
-0.00436157 -0.0308856 0.306825
0.0197447 -0.0235056 0.389433
0.155494 -0.0681089 0.0363228
0.444662 -0.144064 0.224055
0.707649 0.080084 -0.0110817
0.0966154 0.00808843 0.448446
-0.290297 0.0262691 -0.0119436
0.324669 -0.0281114 0.263299
0.349287 -0.0904914 0.216487
-0.753568 0.0184851 -0.0699603
0.202252 -0.0158562 0.483676
0.204353 -0.0231285 0.428353
0.17284 0.03742 0.913602
0.215477 -0.0634224 0.122243
-0.69407 0.00302477 -0.195448
0.0928446 -0.0229938 -0.137215
0.0933833 -4.57543e-05 -0.402492
0.0946762 -0.0100384 -0.284169
0.115658 0.0300399 -0.713261
0.0627858 -0.0196271 -0.22723
0.068065 -0.0146711 -0.275847
0.0264244 0.00725346 -0.629684
-0.355505 0.0332182 -0.0163339
0.362242 0.0629807 -0.0937703
0.59975 0.0383896 -0.0895954
-0.130522 -0.0502784 -0.0527761
-0.0698121 -0.0581163 -0.0593751
-0.69302 0.0535806 -0.031094
-0.823086 0.161722 -0.0135597
0.32483 -0.00475927 -0.520303
0.265063 -0.0489855 0.2755
-0.706245 0.0288818 -0.0258687
0.119564 -0.0693479 -0.12531
-0.0167783 -0.0426829 -0.134414
-0.0823905 0.00752281 0.0746504
0.328278 -0.0438141 0.275204
-0.0945648 -0.0637186 -0.00248966
0.225389 -0.00809913 0.328265
0.185068 0.039871 0.838725
-0.248791 -0.0320169 -0.0391204
-0.284614 -0.0280575 -0.026569
-0.181401 0.0500791 -0.0119436
0.0814783 0.0448 0.0766974
0.64201 -0.0618063 -0.0131287
0.130418 -0.119769 -0.255834
-0.365983 0.0839087 0.0513522
-0.159477 0.103867 -0.0504867
-0.174668 0.101066 -0.0563584
-0.690865 0.118896 -9.24969e-05
-0.0946187 0.00315944 -0.0119436
-0.0844375 0.0171923 -0.0119436
0.186711 0.11157 -0.00995048
0.0141962 0.11157 -0.00865763
0.228486 -0.00815301 -0.388109
0.215746 0.01194 -0.468724
0.0830674 0.0215556 -0.80974
0.0992281 0.033299 -0.912252
0.014277 -0.0593553 0.115833
0.394725 0.0343225 -0.576381
0.26439 -0.0358146 0.502018
0.015947 -0.0080722 -0.0955479
0.0646982 0.0313059 -0.825658
0.172113 -0.101104 -0.254434
-0.822251 0.068206 -0.00946566
0.276645 0.0291242 0.443194
-0.291347 -0.0622372 -0.0607487
0.432837 -0.0538876 -0.0691523
-0.0531936 -0.0580085 -0.0650044
0.723405 0.0552236 -0.00701463
0.0492379 -0.0271687 -0.108557
-0.691188 0.216857 -0.0186503
-0.786805 0.00849244 0.365218
-0.082579 0.103167 0.0280809
-0.238179 0.0996115 0.0355417
-0.0317269 0.104702 0.0248757
0.0484568 0.0333529 0.077694
0.514853 0.0770674 0.0581396
0.370053 -0.000853789 -0.496574
0.17082 -0.00365496 -0.300546
0.178065 -0.012651 -0.199838
0.167372 0.0292858 -0.685842
-0.827907 0.082158 -0.0137482
0.0787041 -0.00481314 0.582875
0.0271247 -0.0507093 0.192246
0.101652 0.0196702 0.787146
0.0657756 -0.0339831 0.352155
0.0243505 -0.036057 0.299903
0.107901 0.0303362 0.872878
0.0460596 -0.0538337 0.185512
0.0906629 0.00025052 0.631384
0.0208221 -0.0513019 0.182119
0.249441 -0.0514366 -0.450866
0.124546 -0.0079914 -0.0884642
0.103484 -0.105036 0.234264
0.158295 0.0306594 -0.0612605
-0.197427 -0.045107 0.000661665
-0.169227 -0.047962 0.00833796
0.429013 0.0806227 -0.0822693
0.129098 0.0289356 -0.895014
-0.326685 0.101524 0.0304242
-0.414842 0.0940091 -0.018758
0.471165 0.00216286 0.0736808
0.151184 -0.0576853 0.482275
0.326204 -0.00233518 -0.251929
0.203006 0.0122633 -0.542901
0.186388 0.0345111 -0.787169
0.235031 -0.0182803 -0.25341
0.165648 -0.0158293 0.258585
0.210925 -0.0158832 -0.526794
-0.00355353 0.0831815 -0.0119436
0.273143 -0.033606 0.274126
0.0827712 0.0415679 0.880769
0.0731825 0.0831815 0.0031935
-0.661022 0.117711 0.00103875
0.078731 -0.0098768 -0.0948207
0.661187 -0.00621373 -0.081165
0.177876 0.0243299 0.6142
0.511917 0.0936859 0.0414403
0.698734 -0.13997 -0.00359397
0.0752834 -0.0193038 0.214144
0.518731 0.0556545 0.0699908
0.636677 0.117631 -0.0125092
0.188758 -0.0852661 0.231839
-0.0660952 -0.0725531 0.0158527
0.325746 -0.0252833 0.194024
0.133946 -0.0403665 0.336372
0.161527 -0.0468308 0.286516
0.137206 -0.0686207 0.118473
0.155198 -0.00761432 0.589043
0.147683 -0.021701 0.480444
0.143266 -0.0377808 0.35633
-0.668132 0.00329411 0.0564697
0.223692 -0.0371344 -0.316571
0.194226 0.0130982 -0.723442
0.253966 -0.00311627 0.0323904
-0.776947 0.00332104 -0.327291
0.266248 -0.0200849 0.267016
-0.804959 0.00911194 0.209215
-0.800003 0.178206 -0.00787653
-0.428659 0.0314136 -0.0969755
0.33652 -0.0259566 -0.444806
0.213134 0.00878872 -0.549527
0.115308 0.000492932 -0.672779
0.0508 -0.00675242 -0.494392
0.395668 -0.0156946 -0.231082
-0.799976 0.00819617 -0.34461
-0.0297876 -0.0130012 -0.0936087
-0.0120379 -0.0582779 0.0877944
-0.101945 -0.0354106 0.0611832
0.12056 0.0130982 -0.771736
0.0539514 0.0253803 0.756171
0.111295 -0.00147328 -0.356273
-0.438786 0.0442074 -0.0940935
0.243327 -0.0482044 -0.186559
0.237348 -0.0411476 -0.249774
0.4083 -0.00863783 -0.265423
0.219759 -0.0136746 -0.24972
0.106662 -0.0210007 -0.128489
0.214319 -0.00400511 -0.54985
0.261346 0.0331913 0.469697
0.262747 -0.0798793 -0.48009
-0.818157 0.0064185 0.12456
-0.732613 -0.00874556 0.0216166
-0.234381 0.00165111 -0.0119436
0.18057 0.0382549 0.793529
0.282947 0.00458696 0.219881
0.316696 0.109847 0.00801475
0.0584763 0.111463 0.00093101
-0.783519 0.00270155 0.111227
-0.789337 0.00353652 0.165365
0.0944337 -0.0693479 0.0711759
0.175372 0.0413524 -0.844216
-0.629212 -0.0456187 -0.0238486
0.528266 -0.0733611 -0.0386087
0.196461 -0.066439 -0.475592
0.113207 -0.0717181 -0.24972
0.0968578 -0.0169605 -0.530511
0.127644 -0.12521 0.207194
-0.1967 0.0216364 -0.0342992
-0.173967 0.0326795 -0.0323599
0.059446 0.0235488 0.721291
0.055729 0.0249224 0.747283
0.818349 0.00154337 -0.0264882
-0.7568 0.173142 -0.00313608
0.741936 -0.0472887 -0.0354304
0.172328 0.0396555 -0.954189
0.299243 -0.00214664 -0.251875
0.0936526 -0.0382387 0.342028
-0.806252 0.0310635 -0.0181385
-0.804555 0.0294205 -6.55624e-05
0.0249969 -0.0126241 0.0607253
0.0877271 -0.0693479 -0.0823232
0.00159093 -0.0202196 -0.362629
-0.0308381 -0.0379424 -0.230301
0.0394337 0.00496404 -0.571155
0.0155699 -0.0148327 -0.392526
0.132465 -0.0693479 -0.0862825
0.0599847 -0.065604 0.0308551
0.348775 -0.0647691 0.0324173
0.0919827 -0.0228322 0.428029
0.143427 0.0942785 -0.00919632
0.211383 0.0210169 0.0371847
-0.539844 0.10481 -0.0223403
-0.60085 0.0851746 -0.0245758
-0.625603 0.0891878 -0.0251415
0.161904 0.0129905 -0.771951
0.362188 0.0221212 0.0773169
-0.715887 0.00089695 -0.230301
0.443503 -0.0148597 0.193997
0.304657 -0.00263145 0.423828
0.115496 0.00776521 0.0538032
0.152908 -0.0702637 -0.228011
0.406118 -0.0471001 0.19467
0.0704891 0.0429146 -0.946217
-0.229722 -0.0648768 0.0322018
0.111268 -0.00502861 -0.315817
0.0715665 0.038228 0.077694
-0.816837 0.0064185 0.142902
0.792788 -0.0228592 -0.036023
-0.251538 0.104325 -0.049544
-0.217628 0.0982647 -0.0622301
-0.203838 0.104918 -0.048305
0.103295 0.0989381 -0.0608565
-0.441076 -0.0292696 -0.0817575
0.0051732 -0.0726339 -0.0395244
0.246613 -0.0744655 -0.0342992
-0.127236 -0.074223 -0.0350264
0.388342 -0.0516251 -0.0714417
0.168719 -0.0604865 -0.0625264
0.12522 -0.06151 -0.0615029
0.329544 -0.0531604 -0.0698795
-0.658221 0.0598024 -0.0267306
0.145097 -0.0693479 0.0594594
-0.799438 0.00264768 -0.0373966
0.734583 -0.0446491 -0.0459617
0.0764146 0.0144449 0.572505
0.104588 0.0345111 0.759619
0.0588265 -0.012651 0.29061
-0.0369252 -0.00271226 0.0727919
-0.703686 0.0253534 0.00235853
0.138256 0.0817001 0.0576818
0.0857878 0.0775522 0.0603752
0.104561 -0.126314 0.240647
0.0968578 0.0700914 -0.0360499
0.236001 -0.016368 0.291984
-0.414788 0.105564 -0.00211258
0.0152197 -0.0358954 -0.0827272
0.114473 -0.0255257 0.263083
-0.686017 0.0183504 0.0985412
0.303256 -0.0545879 -0.455418
0.154874 0.0274812 0.859922
0.345543 -0.0150213 0.202023
-0.739024 0.161938 -0.0218285
0.210467 -0.0751657 0.00820329
-0.31408 -0.0764855 0.000742469
-0.211083 -0.0751388 0.00820329
-0.278392 -0.0784517 -0.0103276
-0.704305 0.258255 -0.00580259
-0.3335 -0.0147789 -0.0314711
-0.230961 0.0100546 -0.0989955
0.0830944 -0.0392353 -0.487335
0.231126 -0.0427098 0.0545035
0.463085 -0.0346026 0.059648
0.163413 -0.0388582 0.0569545
0.106904 -0.047154 -0.501422
0.252054 -0.091892 0.228473
0.6645 0.0502138 -0.072142
-0.731832 0.102951 -0.00216644
-0.249276 -0.000503639 -0.0381508
-0.329056 -0.0012578 -0.0240641
0.350176 0.0162765 0.0762665
-0.365686 -0.07056 0.0176034
0.225496 -0.00844929 0.428353
0.328601 -0.0234787 0.251071
0.66178 0.0982917 -0.0192698
0.0226806 0.0862789 -0.024495
0.0418578 0.0791683 0.0059408
0.163063 0.0376354 0.929602
-0.008698 0.0515875 0.0191387
0.0175361 -0.0315321 -0.106618
0.0319998 -0.0620487 -0.129431
0.502517 0.110358 -0.0272154
0.268915 -0.0931848 -0.295536
-0.727631 0.0181888 0.185458
-0.720493 0.0191046 0.144707
-0.197912 -0.0211354 -0.0603178
-0.597511 0.0490826 -0.0678594
-0.735468 -0.000692179 -0.0828618
0.683354 0.0926085 -0.0149333
-0.522417 0.111947 -0.0214515
0.12495 -0.0693479 0.0886294
0.507742 -0.0369728 0.0567121
-0.418532 0.0331643 -0.0975141
-0.576852 0.0713573 0.0284041
0.162524 0.00041213 0.6511
0.111295 0.0277236 0.855774
-0.360757 -0.0465614 0.0504633
-0.749609 0.0150644 0.31776
0.161689 -0.00772205 -0.264561
0.235678 0.000870014 0.495743
-0.704763 0.0182158 0.158309
0.125193 -0.00246985 0.305478
0.0789734 -0.0448376 -0.226449
