0.356398 -0.0332289 0.423693
0.174537 0.00706492 -0.429373
0.180705 -0.01389 -0.187233
0.125301 -0.158959 -0.24234
0.288981 -0.0785595 0.464391
0.611412 -0.0572005 0.035811
-0.518889 0.058752 0.0544227
0.208932 0.00157031 -0.41736
-0.173294 -0.0238019 -0.0119436
-0.47504 -0.0689978 -0.00254353
0.00687007 0.0172731 -0.065166
-0.15716 0.0514797 -0.024118
0.160989 0.036989 -0.950903
-0.211622 -0.0329596 -0.0664857
0.767928 -0.0127588 0.0276768
0.144774 -0.0138362 -0.180957
0.149488 -0.0129473 -0.191192
0.161069 -0.0165835 -0.149201
0.336062 -0.0732265 0.204097
0.218547 -0.105063 0.271756
-0.813605 0.00709186 -0.274096
0.210198 -0.0382656 -0.0812189
0.238398 -0.0428714 -0.078283
-0.1692 -0.0433293 -0.0779867
-0.495537 -0.0222128 -0.0801684
-0.795613 0.0143372 -0.0119436
-0.77525 0.312932 -0.0141253
0.633041 -0.0384811 -0.00997742
0.0295758 -0.0238288 0.225779
-0.538794 -0.0221858 -0.0749162
0.290516 -0.0641496 -0.470825
0.0376022 0.0831007 0.0562273
-0.705221 0.0334337 0.0285388
0.318232 -0.0447299 -0.520142
-0.798576 0.253272 -0.0154182
-0.0388914 0.0432109 -0.0119436
-0.634976 0.050133 -0.0264343
-0.0987666 -0.0451878 0.070718
-0.290028 -0.0131897 0.0696406
0.0447398 -0.010631 -0.533878
0.0494803 -0.00904184 -0.549608
-0.765689 0.0133137 -0.35498
0.216177 -0.0642573 0.0900299
-0.540868 0.0174347 0.0617758
0.251057 -0.00936505 -0.0273232
-0.684482 0.222809 -0.0168726
0.124573 -0.176655 -0.28118
0.648824 0.00272849 -0.0839392
-0.806979 0.00784602 0.270086
-0.736169 -0.0325017 -0.0114857
0.176961 0.0132329 -0.757137
0.147441 0.0652163 -0.0119436
0.121772 0.0465507 0.0278923
0.29391 -0.0108464 -0.278756
-0.829443 0.181034 -0.0112433
0.117894 -0.0541031 0.468889
0.07259 0.00183965 -0.471336
0.14973 -0.152764 0.199814
0.15078 0.0666976 0.0112199
0.734933 0.0505909 -0.0341645
0.100709 -0.0693479 -0.0484666
0.327982 0.0155762 -0.47543
-0.677937 0.0207476 -0.00480601
0.136909 0.0112936 -0.474165
0.157218 0.0294474 0.656702
-0.0560756 -0.0618871 -0.0548232
0.506045 0.108473 0.011597
-0.364582 -0.0119508 0.0684555
-0.352596 0.0130174 -0.0982683
0.198966 -0.0173107 -0.161403
0.115308 -0.0164488 -0.543251
-0.55482 0.0664552 0.0413865
0.394052 -0.0985987 0.459543
0.0785155 -0.043437 -0.316329
0.774204 -0.051652 -0.034353
0.189377 0.0177848 0.555402
0.148087 0.010728 0.440392
0.0155968 -0.00295467 -0.535521
0.00859387 -0.00481314 -0.528841
0.0075973 -0.0363802 -0.0119436
0.404341 -0.0767818 -0.27652
-0.75645 0.00991996 0.0224516
0.420097 0.0635463 -0.0933932
-0.722459 0.279183 -0.00483295
0.0498843 0.0234141 0.767753
0.286072 0.00617608 -0.513623
-0.251646 -0.0288117 0.0218321
-0.627004 0.0691756 0.00650643
0.166833 -0.0796907 -0.23523
0.173863 0.0400595 0.801448
-0.538821 0.0577016 0.0520525
0.182348 0.00644543 0.40395
0.246802 -0.108241 0.194455
-0.77956 0.00243221 -0.146966
0.275244 -0.0367035 -0.443244
0.286099 0.00873485 0.487932
0.173217 0.00073534 0.646387
-0.14873 -0.0146981 0.0404437
-0.38182 0.0380125 -0.0179231
-0.64839 -0.0285423 0.0256568
-0.783627 0.00337491 -0.246354
0.165998 -0.0843234 0.242425
0.0345586 0.00703799 0.62931
0.127051 -0.143633 0.217457
-0.238745 -0.0391814 -0.0119436
0.11388 0.0130444 0.744078
0.250923 -0.0383734 -0.175489
0.487837 0.0398441 -0.100342
0.154551 -0.00478621 0.496416
-0.188781 0.00816923 -0.0119436
0.230129 -0.0351682 0.287648
0.0691962 -0.025795 0.0955246
-0.606911 0.0757745 -0.00329769
0.199128 -0.0455918 -0.298795
0.191613 -0.0367035 -0.373134
0.350741 0.0134753 0.451409
0.421444 0.058348 0.0720916
-0.0165359 0.018512 0.037858
0.215531 -0.014294 -0.233102
-0.50122 0.0297975 -0.0225558
0.394914 -0.0515174 -0.489571
0.109894 0.10621 0.0216974
-0.747993 0.27253 -0.0197007
0.393405 0.096918 0.0402013
0.0919558 0.0345649 -0.802333
0.090636 0.0312251 -0.766403
0.206265 -0.0198695 0.503392
-0.754053 0.0292319 -0.0231214
0.217039 0.0679097 -0.0119436
0.132707 -0.143875 -0.25535
-0.0151084 -0.0617794 0.0675397
0.154174 -0.0153984 -0.552948
0.131657 -0.061537 -0.196848
-0.287577 0.0012471 0.0735192
0.0495341 -0.00615986 -0.571721
-0.518916 -0.0354106 0.0451573
-0.729435 0.00127403 0.247865
0.303633 -0.0347372 0.0595672
0.111806 -0.0460227 0.0523757
0.371238 -0.0511941 0.439073
-0.748343 0.000789212 -0.226368
0.130741 -0.107218 -0.282634
0.13567 0.00959675 0.721964
0.288469 -0.0841618 -0.239243
-0.605187 0.0297437 -0.025761
0.235112 -0.0162603 0.317652
0.539444 -0.0286231 0.0606715
-0.829416 0.025111 -0.00413265
0.0288485 -0.0166912 0.314232
0.0147618 -0.0658464 -0.0543114
-0.270473 -0.0678935 -0.0504867
-0.0966657 -0.0660889 -0.0538266
0.211006 -0.0653886 -0.472387
0.125327 -0.111446 0.241509
0.0961037 -0.0199772 -0.166628
0.0775998 -0.0123548 -0.286297
0.147925 0.0260267 -0.0119436
-0.277126 0.0593176 -0.0956557
-0.788179 0.132633 -0.00663755
0.254828 0.00709186 -0.454045
0.0345317 0.00286316 -0.622923
-0.799465 0.0134484 -0.0475509
0.394806 0.0581056 -0.0960597
0.211787 -0.0599748 0.484888
0.314542 -0.0559615 -0.458112
0.125408 -0.0279498 0.432285
0.132411 -0.0325556 0.396624
0.0323769 -0.0639072 -0.108234
-0.0537862 -0.0581701 0.0556617
-0.119641 0.110035 0.00712592
0.0460596 0.10823 0.0152062
-0.309771 0.110331 0.00588694
0.328063 -0.00750658 0.0718762
0.0375483 -0.00694096 -0.434167
0.26614 -0.0377539 -0.525097
0.0994166 -0.0269532 0.431208
0.198481 -0.0587358 0.43347
0.777059 -0.0400164 -0.000981332
0.635034 -0.0710717 -0.0342722
-0.318659 0.0660781 -0.0916963
0.155709 -0.0176608 0.0978409
-0.666355 0.146827 -0.022044
0.197539 0.0256227 -0.715497
0.139953 -0.117022 -0.285947
-0.244724 -0.0538607 -0.0692061
0.235354 0.0420257 -0.101527
-0.706056 0.0206668 0.0736808
-0.00228762 -0.027869 -0.355303
0.280793 -0.00591745 0.434332
0.181836 0.0610953 0.0710951
-0.764315 0.00105855 0.114621
0.0743138 -0.0693479 -0.0202933
-0.193764 0.0529072 0.0739232
-0.482797 0.018539 -0.0018163
-0.158776 0.0212593 0.0171724
0.775847 -0.0098768 0.0253066
0.290651 -0.0811452 0.208837
0.288254 -0.0544532 -0.514243
-0.0994938 0.0944131 -0.0669706
0.334985 -0.087798 -0.255565
0.101194 -0.0652808 0.138943
0.00525401 -0.0107387 0.443732
-0.403556 0.0194817 -0.097568
0.142081 0.0310365 -0.101581
-0.684347 0.00186658 -0.119735
0.540063 -0.077105 0.00101181
0.209444 0.0124787 0.0755662
0.761383 0.022229 0.0290236
0.0948647 0.0470625 -0.943119
0.367333 -0.00451686 0.225106
-0.0158625 0.0984802 -0.0119436
0.279392 0.11157 -0.0108662
0.143374 -0.122947 0.263003
-0.0959654 0.0814577 0.0578164
-0.0570991 -0.0642304 0.0217782
-0.727684 0.0561932 -0.0233907
0.324642 -0.00486701 -0.240913
0.0904744 -0.0156408 0.0686979
0.28249 0.00175885 -0.464253
0.250465 -0.0203273 0.0195696
-0.55525 -0.00882636 -0.0776366
-0.743845 0.000789212 0.202723
0.146552 -0.031963 0.196151
-0.00740515 -0.0417671 -0.0119436
0.0571027 0.0243568 -0.0119436
0.0597153 0.00103162 -0.0119436
0.0909053 -0.0558269 0.206279
0.104911 -0.0388851 0.342567
0.120345 0.00590674 0.69266
0.121395 -0.0486354 0.437753
-0.0249664 -0.0761892 -0.0263535
-0.226678 -0.0750849 -0.0325215
-0.756019 0.0310904 -0.00114294
-0.0548097 0.111139 -0.0262188
-0.417777 -0.060298 0.0347337
0.250545 -0.0515712 0.116049
0.73698 0.0516952 -0.0248452
0.203653 0.00684944 -0.47236
-0.359357 0.00868098 0.0733306
-0.684913 0.0143372 -0.192754
-0.0787813 -0.0224821 0.0557694
0.3533 -0.0864243 -0.259551
0.718207 -0.0324478 -0.0605332
0.21879 -0.0128127 -0.0119436
0.0928985 -0.14401 0.219854
-0.800784 0.0747241 -0.00749945
0.140034 -0.110531 -0.244818
0.0327271 -0.0153175 -0.344933
0.0476218 -0.0190614 -0.261868
0.0565371 0.0340801 0.850145
0.678021 -0.114571 -0.00558711
0.132681 -0.0693479 0.0842929
0.0480258 -0.0284615 0.090003
0.127617 -0.0440565 -0.260306
0.081613 0.0717344 0.0110314
0.146121 0.0417295 0.798216
0.166429 0.042322 -0.840284
0.655773 -0.0876633 -0.0121322
0.160558 -0.0477465 -0.303428
0.138418 -0.00804527 -0.609591
0.576909 -0.0379424 0.0542072
-0.60454 -0.0200041 -0.064331
0.237401 -0.0674356 0.270652
0.0512579 0.0116976 -0.0993188
-0.17359 0.0356692 -0.0119436
-0.143316 0.0318715 -0.0119436
-0.371369 0.101847 -0.0477933
-0.717665 -0.029512 -0.0234446
0.255771 0.00504484 -0.0980798
0.335119 -0.0242598 -0.227661
-0.0712127 0.039871 -0.101581
0.0930601 -0.0562309 0.0429217
0.369595 -0.0332558 -0.0843971
-0.635811 0.00453309 -0.0683173
-0.669856 0.0186736 -0.0648428
-0.354212 0.102655 0.0244447
0.100117 -0.0505208 -0.275308
0.0959421 -0.05782 -0.217426
0.208124 -0.0661697 0.107914
0.125812 0.0147412 0.502234
-0.0655565 0.0933357 0.0443492
0.0913632 0.0171114 0.580774
0.0253471 -0.0332828 0.0987028
-0.432807 0.00606835 0.0700177
-0.810104 0.00779215 0.242748
0.169581 0.00703799 0.401607
-0.677856 -0.0266569 -0.0445342
-0.0944032 0.0460928 0.0114085
-0.758659 -0.000234295 0.0205662
-0.124139 -0.0326094 0.0557155
-0.49982 0.0648122 -0.0768555
0.0451169 -0.039343 -0.233641
-0.0779194 -0.0311819 -0.0855284
-0.523522 0.0896457 -0.0378276
-0.538686 0.0638695 -0.000685053
0.740455 -0.00473234 -0.061449
-0.766443 0.090346 -0.00467134
0.0874847 -0.0389121 0.474761
0.715702 0.0712226 -0.0129133
0.150053 -0.01187 0.498813
0.34495 -0.0983832 0.23324
-0.79327 0.19601 -0.0071493
0.139737 -0.0149674 -0.169348
0.112345 -0.011843 0.219908
0.319309 0.0557892 0.0729536
-0.318686 -0.0776976 -0.0177345
-0.0882891 0.0391707 -0.0119436
0.141731 0.00911194 -0.445776
0.13971 0.0263499 0.62061
-0.725126 0.0203166 -0.112786
0.218763 -0.033606 -0.215514
0.334931 -0.00306241 -0.518337
0.278665 0.0333798 0.46299
0.210467 -0.00591745 0.499379
-0.349849 0.000627602 -0.0960866
0.127105 -0.13162 -0.238516
0.112992 0.0092466 0.453025
0.126674 0.0199934 -0.0703104
-0.212537 -0.0659272 -0.0541229
-0.202652 -0.0462652 -0.0176806
0.394267 -0.0182534 0.454533
0.224796 0.00165111 0.494934
0.159534 0.000519868 0.322501
0.0308686 -0.0258489 -0.221789
-0.710823 0.0203436 0.0885755
0.161473 0.0465507 0.860569
0.324669 0.0999616 -0.0587286
0.217793 -0.0475849 0.0217513
0.601878 0.0267001 -0.0910768
0.135536 0.0330297 0.701306
0.418023 -0.0335791 0.217187
0.237213 0.0283431 0.45658
-0.742552 0.00113936 -0.258932
0.310609 -0.0595169 -0.506459
0.0789734 0.0408406 -0.952735
0.192152 0.0246531 -0.672725
0.183937 -0.0149674 -0.542066
-0.066984 -0.0567426 -0.08033
-0.15778 0.0534998 0.0737346
0.208689 -0.0415247 -0.0181385
0.212218 -0.0728494 -0.0389319
-0.0322656 -0.0720144 -0.0413021
0.396503 -0.0821417 0.45491
-0.770295 0.0130713 0.305397
-0.794185 0.0651624 -0.00677222
0.19366 -0.077509 -0.285678
-0.660402 0.00464083 -0.0653006
0.173109 -0.0139439 -0.0119436
-0.266676 -0.0336599 -0.0238756
-0.768059 0.00216286 -0.268601
0.213511 -0.0272764 -0.406882
-0.163301 -0.0305355 -0.0119436
0.437497 0.108069 -0.0397399
0.195842 0.108877 -0.0361576
0.0936796 0.043157 0.0305588
0.200205 -0.00532489 0.227799
-0.137633 0.0463891 -0.0119436
-0.757258 0.0147143 0.299229
0.350418 -0.0304277 0.271702
-0.771938 0.0030517 0.333194
0.0852222 -0.00362803 0.350674
0.0834984 -0.00605212 0.325679
0.105962 0.0158725 0.541666
0.224742 -0.0705061 -0.292896
0.121045 0.0101893 -0.479471
-0.129202 0.071492 -0.0882218
0.244512 -0.00861089 0.210885
0.163655 0.0521531 -0.956586
0.0395145 0.0215826 -0.767103
0.0802663 -0.0428445 0.29834
0.0768456 -0.0436525 0.289156
0.104965 0.0265654 0.841957
0.0218995 -0.0478812 0.208784
0.0681188 -0.0641227 0.12763
0.268349 -0.0596785 0.480471
-0.00209908 -0.0786941 -0.0115935
0.093491 0.0673441 0.067028
0.144047 -0.00160795 0.493426
0.118378 -0.115379 -0.246596
0.275998 -0.072203 -0.0407365
-0.604433 -0.0168259 0.0423561
0.00687007 -0.00785673 -0.512384
0.23285 -0.025391 -0.013425
0.470976 0.0592638 -0.0956826
-0.141538 -0.0290272 -0.0749431
-0.0438474 -0.0461844 0.139643
0.00449984 -0.0209468 0.322501
0.016324 -0.0169336 0.341516
0.120398 -0.0163141 0.210103
-0.620566 0.137885 -0.00943873
-0.0871579 -0.0355991 0.0638228
0.0662873 -0.0460227 -0.286001
0.0203103 -0.0459419 -0.245842
0.0463559 -0.0180918 -0.478312
0.0948108 -0.00308934 -0.633912
-0.400405 -0.0489047 0.0468541
0.118621 0.0312251 0.885725
0.254209 -0.03401 -0.0798452
0.28987 0.0258382 0.077694
-0.693262 -0.0349796 -0.00348623
-0.0145428 -0.0249601 -0.346065
0.186873 0.0292588 0.693441
0.14437 -0.0123009 0.174766
0.0424504 0.00860018 0.583602
-0.303899 -0.0292426 -0.0118898
0.00455371 -0.0419826 -0.26071
0.214884 -0.0219703 -0.128758
0.17249 0.0196163 -0.100746
0.122607 -0.022536 0.473953
0.129852 -0.0308317 0.41001
0.245185 -0.0508709 0.426387
0.415572 0.0847975 -0.0781483
0.103107 -0.00424752 0.606874
0.0979891 -0.0207044 -0.1551
0.104669 -0.0037627 -0.340031
-0.677748 0.00539499 -0.158413
-0.344677 0.0814846 -0.0102468
0.630563 0.0596139 0.0515138
0.0714857 0.0137177 0.0490358
0.333934 -0.091892 -0.274069
-0.124866 0.0615801 -0.0119436
-0.108005 0.00375199 -0.0119436
-0.157214 0.0397094 0.077694
0.559052 0.00671478 -0.0941743
0.690572 0.0822657 -0.0360499
0.183102 0.035777 0.768642
-0.145201 0.102493 -0.0533687
0.175856 0.0161957 -0.78022
-0.107628 -0.038939 -0.0119436
0.129314 -0.140239 -0.276709
0.310771 -0.0202196 -0.525986
-0.725233 0.0224175 -0.0190004
0.0485645 0.0187814 -0.714931
0.584155 0.0325718 -0.092666
0.280712 -0.0788288 -0.496332
0.111968 0.00773828 0.702518
-0.121688 0.101658 0.0312322
-0.183125 0.0397094 -0.101581
0.0201487 -0.0693479 0.0200275
-0.0141926 -0.0693479 0.000769404
0.189808 -0.0134321 -0.199407
0.190212 -0.00422058 -0.308114
0.333099 0.011563 -0.258366
0.0293603 -0.045915 0.230143
0.0838216 -0.0120316 0.532993
0.0696002 -0.00602519 -0.084047
0.129933 -0.0219165 -0.269382
-0.715025 0.00819617 0.333732
0.179169 0.0330027 0.724281
0.422279 0.0756129 -0.0855284
0.213295 0.00447922 -0.476589
-0.377295 -0.0384272 0.0550422
-0.0428508 -0.034441 -0.0119436
0.222749 0.0108627 -0.0119436
0.426777 -0.0661966 -0.270379
0.344385 -0.0802025 -0.232671
0.160396 -0.0064292 0.598309
0.121207 -0.0631261 0.160733
0.179789 -0.0567965 0.209592
-0.779506 0.00377892 -0.354118
0.313922 0.00668784 0.488874
0.114877 0.0098661 -0.744209
0.116762 0.00895033 -0.46972
0.114446 0.0105664 -0.490675
-0.785351 0.0998539 -0.00655675
-0.276022 0.0244915 -0.0119436
-0.343816 0.0477358 -0.0136405
0.383709 0.110574 0.00486343
0.408462 0.111166 0.00216999
-0.687067 0.015253 0.165716
-0.770833 0.00256688 0.272241
-0.760437 0.000385194 0.0573855
0.255259 -0.00780286 0.211962
-0.729597 0.0404366 0.0143443
0.223827 -0.00330482 -0.462906
-0.204726 0.0295821 -0.0286968
-0.656147 0.018108 -0.00989661
0.0377369 0.0149836 0.691959
0.462546 -0.0626682 0.0362689
0.158107 -0.0693479 -0.100369
0.375171 -0.0436256 -0.511038
0.413714 -0.00869169 0.23254
0.101437 -0.052487 0.201646
-0.580084 0.00846551 0.0539648
0.0591497 -0.00847622 0.337341
0.239502 0.00717266 0.0745965
0.747242 0.00337491 -0.0595367
0.618846 0.105995 -0.00170856
-0.00549281 -0.0391545 -0.0806532
0.121045 -0.0298891 -0.0865249
0.162847 -0.07056 -0.226153
0.166483 -0.0529718 -0.452644
0.184125 0.0107549 0.457792
-0.683593 0.107099 9.60439e-05
0.0565909 -0.00378964 0.400556
0.00404196 -0.0753812 0.00696431
-0.300721 0.0282353 -0.0128055
-0.737542 0.000708409 0.193189
-0.027175 0.0776061 -0.0250607
0.109894 0.0310365 -0.734836
0.428878 -0.057416 0.207922
0.0117452 0.0686908 -0.0900264
0.413768 -0.0460766 -0.219985
0.401001 -0.0683513 0.202292
-0.733071 0.000843078 -0.23022
-0.704171 -0.000476708 -0.104113
-0.855407 0.032087 -0.0129941
0.444042 0.00647236 -0.338658
0.259299 -0.0205159 -0.291011
0.143535 -0.163106 0.239139
0.128398 -0.00866476 0.230654
