0.38006 -0.0485925 -0.298847
0.427838 -0.0365867 0.269861
0.30141 -0.0621772 0.448994
0.264576 -0.0914702 -0.258774
0.45253 -0.00282904 -0.18026
0.117921 -0.135028 -0.282703
0.449998 -0.00830105 -0.20585
0.3322 -0.0818329 -0.280389
0.281537 -0.0836841 -0.238846
0.132812 -0.125527 0.210267
0.403636 -0.0829491 -0.263266
0.364733 -0.043066 0.498814
0.30141 -0.0621772 0.448994
0.132268 -0.132007 -0.240234
0.449998 -0.00830105 -0.20585
0.345404 -0.0536833 -0.463307
0.451142 -0.0322037 -0.241623
0.155136 -0.153377 0.202808
0.3322 -0.0818329 -0.280389
0.432983 -0.0169038 0.253771
0.248813 -0.0979767 -0.298983
0.396476 -0.0163866 0.263871
0.329287 -0.10108 0.240704
0.331928 -0.0146987 0.260822
0.262208 -0.0889928 0.276231
0.169347 -0.132115 0.258644
0.331955 -0.027385 0.266975
0.379025 -0.0507159 0.444638
0.403636 -0.0829491 -0.263266
0.428165 -0.0265683 -0.239717
0.449889 -0.0338915 -0.281315
0.452612 0.0075705 -0.341453
0.396122 -0.00476194 -0.256187
0.432983 -0.0169038 0.253771
0.25856 -0.0918513 0.231774
0.294359 -0.0862432 0.223879
0.452612 0.0075705 -0.341453
0.141769 -0.177607 0.252601
0.117921 -0.135028 -0.282703
0.155136 -0.153377 0.202808
0.402084 -0.09863 0.465328
0.402955 -0.0510426 -0.493988
0.409081 -0.038928 -0.296016
0.331928 -0.0146987 0.260822
0.427838 -0.0365867 0.269861
0.224693 -0.105164 0.275523
0.137086 -0.122778 0.264797
0.30141 -0.0621772 0.448994
0.37682 -0.0781849 0.259407
0.304459 -0.0882305 0.235722
0.346221 -0.0993106 -0.24998
0.352918 -0.0980583 0.22731
0.422012 -0.0455434 -0.221504
0.352428 -0.0873593 -0.25861
0.410496 -0.0513693 -0.295689
0.404561 -0.0819962 0.460646
0.335603 -0.0432566 0.279008
0.402084 -0.09863 0.465328
0.320249 -0.0774226 -0.280689
0.431105 -0.0652263 -0.231441
0.0976934 -0.14453 0.223063
0.346221 -0.0993106 -0.24998
0.256844 -0.106471 0.274461
0.389207 -0.0842558 -0.263266
0.449998 -0.00830105 -0.20585
0.451904 -0.0845553 0.23466
0.45057 -0.0895645 -0.258855
0.396122 -0.00476194 -0.256187
0.155653 -0.129556 0.203353
0.453238 -0.144584 0.22731
0.382673 -0.029209 0.491055
0.377828 -0.0419771 0.480873
0.451904 -0.0845553 0.23466
0.298742 -0.0801178 0.253445
0.0976934 -0.14453 0.223063
0.137086 -0.122778 0.264797
0.422012 -0.0455434 -0.221504
0.284395 -0.0995012 0.273999
0.393046 -0.026405 0.465791
0.451986 -0.119647 -0.265797
0.231363 -0.0954993 0.277075
0.117921 -0.135028 -0.282703
0.377828 -0.0419771 0.480873
0.293216 -0.0864337 0.246448
0.375078 -0.00353686 0.228371
0.396476 -0.0163866 0.263871
0.449889 -0.0338915 -0.281315
0.451196 -0.13236 -0.262068
0.153176 -0.144421 0.245822
0.11351 -0.169902 0.263109
0.367374 -0.0778854 -0.232394
0.432983 -0.0169038 0.253771
0.402084 -0.09863 0.465328
0.293243 -0.0787021 -0.493771
0.293243 -0.0787021 -0.493771
0.357981 -0.0297263 0.275469
0.132213 -0.144148 0.22064
0.1394 -0.177552 0.221484
0.3524 -0.0978405 0.246639
0.360894 -0.0863248 -0.261496
0.128674 -0.177171 0.246394
0.137086 -0.122778 0.264797
0.3322 -0.0818329 -0.280389
0.377828 -0.0419771 0.480873
0.377828 -0.0148892 0.486509
0.450842 -0.0202251 -0.304836
0.256844 -0.106471 0.274461
0.308788 -0.0811523 0.258998
0.109481 -0.126643 0.24408
0.1394 -0.177552 0.221484
0.400723 -0.119048 -0.483072
0.321937 -0.0656346 -0.288148
0.378263 -0.0582025 0.469739
0.329287 -0.10108 0.240704
0.388744 -0.0699905 0.266648
0.329968 -0.0594276 0.486019
0.402601 0.00174458 0.516128
0.131832 -0.143168 -0.270807
0.378263 -0.0582025 0.469739
0.141279 -0.134783 -0.24018
0.364733 -0.043066 0.498814
0.262208 -0.0889928 0.276231
0.451387 -0.0191906 -0.292205
0.403636 -0.0829491 -0.263266
0.41899 -0.0554257 -0.293566
0.295366 -0.084038 -0.240969
0.3524 -0.0978405 0.246639
0.360894 -0.0863248 -0.261496
0.404561 -0.0819962 0.460646
0.1394 -0.177552 0.221484
0.404561 0.0235237 0.39686
0.356838 -0.0904356 0.21966
0.251672 -0.106443 -0.219027
0.377828 -0.0419771 0.480873
0.33838 -0.0855625 -0.245026
0.34132 -0.0918513 -0.27617
0.155136 -0.153377 0.202808
0.284395 -0.0995012 0.273999
0.404561 0.0235237 0.39686
0.345404 -0.0536833 -0.463307
0.38006 -0.0485925 -0.298847
0.351883 -0.0800361 -0.234327
0.307699 -0.0596998 0.488414
0.167741 -0.15757 -0.243229
