0.231499 -0.0492458 -0.22831
0.150481 -0.0690648 -0.134551
0.0707962 -0.0454889 -0.28823
-0.0153131 -0.0296991 0.271004
0.168067 0.00144512 0.658945
0.041476 0.000791742 0.586883
0.269068 -0.0336465 0.423621
0.0439806 -0.00895442 -0.396527
0.0976389 -0.0222125 -0.137845
0.0136804 -0.0266228 0.235504
0.134418 -0.0745641 -0.254009
0.13989 -0.0137186 0.428249
0.106323 -0.0520227 0.204659
0.315458 -0.0422765 -0.450866
0.332255 -0.00135895 0.431298
0.19344 -0.00116838 0.310615
0.306256 -0.00114116 -0.253737
0.171225 -0.0149709 0.262211
0.133575 -0.00772935 0.233979
0.35191 0.000846188 0.435219
0.198014 0.0259467 -0.679111
0.241436 -0.0154065 0.321913
0.305575 -0.0230292 -0.0894952
0.064208 -0.0240909 -0.443188
0.145036 -0.0140997 -0.170323
0.0334721 -0.04538 0.233462
0.145744 -0.0288551 -0.223056
0.333044 -0.0245265 0.196955
0.344968 -0.00144062 -0.260271
-0.0153131 -0.0296991 0.271004
0.230138 -0.015706 -0.225234
0.148275 -0.0664514 0.134966
0.0548702 -0.01851 0.230658
0.314668 0.0122258 -0.269963
0.0136804 -0.0266228 0.235504
0.123692 0.0325893 0.896093
0.209638 0.00795163 -0.476592
0.168013 0.0316365 0.678002
0.176452 -0.0026657 -0.302931
0.0877839 0.0287779 -0.743577
-0.0267472 -0.0492731 0.140955
0.0749342 0.0229248 0.68282
0.169075 -0.0403436 -0.358958
0.234875 -0.0697727 0.197989
0.157423 0.0416549 0.789647
0.120807 -0.0302708 -0.436246
0.125788 0.0514282 0.921275
0.0259311 -0.0473674 0.211874
0.118002 0.0103746 0.45874
0.145036 -0.0140997 -0.170323
0.21786 -0.0595909 0.490946
0.240864 -0.0246082 -0.44474
0.25091 -0.0264866 0.153614
0.10145 0.00920394 0.454112
0.335168 -0.0236009 0.507226
0.212007 -0.00184898 -0.526439
0.231009 0.00269741 0.501101
0.0528828 0.0200118 -0.721771
0.0976662 -0.0574675 -0.281914
0.0417482 -0.00598702 -0.437989
0.0916497 0.0102657 -0.524506
0.00910673 -0.00982559 0.449348
-0.0338526 -0.0418682 -0.20879
0.0599066 -0.0237098 0.214895
0.179529 -0.0392547 0.275605
0.215764 -0.0308969 -0.532047
0.277426 0.00198959 -0.249762
0.155571 -0.00791992 -0.240152
0.0750431 0.0444045 -0.955543
0.215382 -0.00419024 0.545584
0.178222 -0.0568141 0.274679
0.174329 -0.0601082 -0.062353
0.0624112 -0.0452711 0.212255
0.180046 -0.048293 -0.297486
0.25238 -0.0357972 0.202944
0.212279 -0.0190545 0.509649
0.22943 -0.109465 0.197418
0.254313 0.0159282 -0.469759
0.101777 -0.0179655 -0.180124
0.216526 -0.00495251 0.505593
0.0999802 0.0351483 -0.796038
0.169211 0.0537423 -0.966024
0.207242 0.0234148 -0.694629
0.222597 -0.0318497 -0.36756
0.0627923 -0.0250165 0.466608
-0.0338526 -0.0418682 -0.20879
0.0503782 -0.0209057 0.213126
0.154129 -0.00805604 -0.608111
0.175363 -0.0316047 -0.426364
0.0941543 -0.0128474 0.531836
0.143647 -0.0760614 0.248572
0.241354 -0.0174483 -0.255289
-0.00033997 -0.0616599 -0.0981524
0.27326 -0.0663969 -0.219108
0.141769 0.0294313 -0.673612
0.194529 0.0138592 0.496826
0.204112 -0.0381385 -0.216849
0.135943 -0.107342 -0.284827
0.230029 -0.00231179 -0.467037
0.329015 0.0110007 -0.465376
0.135235 0.0356384 0.729863
0.135126 -0.0211235 -0.271433
0.0198602 -0.00909055 0.488932
0.0941543 -0.0128474 0.531836
0.0810051 0.0117358 0.705226
0.243695 -0.0405614 -0.251614
0.25502 -0.0557796 -0.300916
0.0725929 -0.0138003 -0.277966
0.271164 0.0141587 0.443413
0.0509227 -0.0222669 0.194995
0.188649 0.0137503 -0.506511
0.166515 0.0384152 -0.96028
0.240864 -0.0246082 -0.44474
0.192188 0.0359106 -0.794786
0.0261489 0.00618208 0.597392
0.210346 -0.0223486 0.433803
0.136869 -0.0611699 -0.198119
0.142477 -0.0683298 0.120592
0.0629557 -0.0557251 0.181791
0.145145 -0.0690648 0.101726
0.0899346 -0.00263848 0.355289
0.11626 -0.00405412 -0.318367
0.183585 0.02562 0.621648
0.16706 -0.0463057 0.290442
0.167904 0.0232787 0.579751
0.220664 0.0178611 0.479185
0.303533 -0.00672206 -0.236232
0.230955 -0.0702355 -0.295199
0.117703 -0.0405614 -0.293647
0.0839998 -0.0582025 -0.204244
-0.0109029 -0.0241998 -0.348939
0.172069 -0.0525127 -0.456664
0.0991363 -0.117605 0.242201
0.071259 -0.0252888 0.124539
0.0146604 -0.0247715 0.255432
0.282135 -0.0682481 -0.295853
0.21413 0.00708047 0.61084
0.19815 -0.0140181 0.423975
0.041476 0.000791742 0.586883
0.0136804 -0.0266228 0.235504
0.161697 -0.0147531 0.138723
0.145417 0.0370268 0.736479
0.101777 -0.0179655 -0.180124
0.0466485 -0.00046056 -0.606342
0.122658 -0.00157674 -0.519415
0.243559 0.0296763 0.462334
0.180209 0.00816943 -0.433143
0.227089 -0.00557866 0.478913
0.0941543 -0.0128474 0.531836
0.10989 0.0278795 0.851854
0.238251 0.0166361 -0.505831
0.00763664 -0.0343543 0.157426
0.149392 -0.000596677 0.499576
0.195318 -0.0627761 -0.0701118
0.110434 0.0379796 -0.813189
0.168067 0.00144512 0.658945
0.0195335 -0.0139636 -0.395901
0.160063 -0.0268405 0.440555
0.0318932 0.00269741 -0.565914
0.220664 0.0178611 0.479185
0.136787 -0.107478 0.26104
0.18952 -0.00718487 -0.243773
0.0149871 -0.0181017 0.335116
0.0916497 0.0102657 -0.524506
0.138175 -0.00555143 -0.523472
0.0336899 -0.0230564 0.229052
0.25091 -0.0264866 0.153614
0.214511 -0.0149437 -0.200977
0.141769 0.0294313 -0.673612
0.303533 -0.00672206 -0.236232
0.11185 -0.0466323 -0.505967
0.0207586 -0.0335649 0.134122
0.0506232 0.00479366 -0.544979
0.120807 -0.0302708 -0.436246
0.137631 -0.031877 0.401733
0.344968 -0.00144062 -0.260271
0.161261 0.00724381 -0.415039
0.0725929 -0.0138003 -0.277966
0.233514 -0.0148076 0.230195
0.0554691 -0.048538 -0.251777
0.145036 -0.0140997 -0.170323
0.18108 0.0306836 -0.884026
0.172968 0.0306292 -0.692369
0.0946171 0.00838722 0.477252
0.0727291 0.0352845 0.875729
0.0904518 0.0369723 0.81404
0.166869 -0.0841197 -0.256078
0.0961416 0.0183239 0.587863
0.18108 0.0306836 -0.884026
0.169837 -0.0241182 0.424356
0.237733 -0.0896189 -0.299582
0.0820941 -0.0232198 -0.152464
0.338925 0.0152204 0.47924
0.172505 -0.0669414 0.269234
0.064208 -0.0240909 -0.443188
0.00888894 -0.0335649 -0.320381
0.154782 0.0289957 -0.893962
0.223359 -0.0575219 -0.183336
0.404153 0.0172078 -0.412208
0.112857 0.0316909 0.883107
0.266155 -0.0536833 -0.301161
0.197387 -0.0662063 0.198534
0.204411 -0.0583386 0.438976
0.0386175 -0.0179383 0.278763
0.0196968 -0.0261327 -0.387379
0.139128 0.027934 0.863206
0.176452 -0.0026657 -0.302931
0.0780105 -0.0579303 0.228616
0.137631 -0.031877 0.401733
0.331928 -0.00389077 -0.242657
0.0393525 -0.0187278 0.267193
0.134881 -0.0210691 0.264824
0.207841 -0.0239276 -0.449396
0.136869 -0.0611699 -0.198119
0.155571 -0.00791992 -0.240152
0.0355956 -0.023737 0.215821
0.251617 -0.0503892 0.431816
0.150372 -0.0350349 0.377422
0.143593 -0.0185645 0.263436
0.0632823 -0.0271128 -0.130032
0.185872 0.00218016 0.3444
0.278406 0.00375915 0.235068
0.344968 -0.00144062 -0.260271
0.26542 -0.0351438 0.278327
0.112857 0.0316909 0.883107
0.0727291 0.0352845 0.875729
0.265883 -0.0197079 -0.293294
0.157885 0.0315548 0.673101
0.126142 -0.0291818 -0.0866095
0.25238 -0.0357972 0.202944
0.106323 0.036319 0.77805
0.157722 0.0123891 -0.765738
0.0136804 -0.0266228 0.235504
0.331928 -0.00389077 -0.242657
0.182333 0.0330521 -0.733586
0.203159 -0.0599993 -0.193572
0.182659 -0.00378188 0.271984
0.178276 -0.0386013 0.34979
0.22668 -0.0350622 -0.337015
-0.0212207 -0.0302435 0.279062
0.178276 -0.0386013 0.34979
0.186307 0.0396947 0.802905
0.21413 0.00708047 0.61084
0.259866 -0.00854607 -0.529924
0.0967406 0.0359651 -0.810113
0.0259311 -0.0473674 0.211874
0.160472 -0.0322853 -0.421055
0.145335 -0.11069 -0.246605
0.204139 -0.0563785 -0.0530152
0.0538084 -0.00811048 -0.55467
0.221589 -0.0630756 0.124403
0.116151 -0.0643007 0.21318
0.135616 -0.00939 -0.597684
0.132676 0.0206108 -0.582684
0.145744 -0.0288551 -0.223056
0.10077 -0.057413 -0.218918
0.151923 -0.031278 0.199106
-0.00818046 -0.0190817 -0.402053
0.318724 -0.0356611 0.192681
-0.0153131 -0.0296991 0.271004
0.317744 -0.0591281 -0.511058
0.229893 -0.036505 -0.319129
0.0460768 0.000846188 0.485964
0.18108 0.0306836 -0.884026
0.185572 -0.0627217 -0.469133
0.256953 -0.0268405 0.274951
0.104091 0.0346855 -0.921213
0.107412 -0.0474763 -0.298112
0.0195335 -0.0139636 -0.395901
0.0393525 -0.0187278 0.267193
0.113919 0.0345494 0.745953
0.0916497 0.0102657 -0.524506
0.06105 -0.000433335 0.4662
0.235882 -0.0613333 0.487053
0.181543 -0.00590535 0.594533
0.151923 -0.031278 0.199106
0.211244 -0.0574675 -0.202665
0.114627 0.0314459 0.708656
0.22943 -0.109465 0.197418
0.0928475 0.038633 -0.850513
0.156606 -0.0572769 0.488305
0.151379 -0.030543 -0.434477
0.198014 -0.0162777 0.508832
0.135126 -0.0211235 -0.271433
0.11185 -0.0466323 -0.505967
0.228913 -0.043556 0.505701
0.0906696 -0.0258605 0.264742
0.243695 -0.0652263 -0.478743
0.130008 -0.0511515 0.486754
0.190854 0.0413282 0.848587
0.063119 -0.0174483 -0.492164
0.0954066 0.0325893 -0.773796
0.137631 -0.031877 0.401733
0.121814 0.0100751 -0.473924
0.118901 0.0142131 0.752922
0.282135 -0.0682481 -0.295853
0.246472 -0.00397244 -0.449396
0.0945899 0.0433427 0.879432
0.212007 -0.00184898 -0.526439
0.00652046 -0.0333743 -0.194416
0.292943 0.00727103 -0.518299
0.21786 -0.0595909 0.490946
0.175336 -0.0690648 -0.134796
0.355776 -0.000542231 0.220667
0.188104 0.00754328 0.409138
0.154891 -0.012058 -0.192402
0.0994902 -0.00911777 -0.286379
0.219221 0.00991176 -0.554589
0.0874572 0.0430433 0.891083
0.114817 0.0474263 -0.913999
0.160662 -0.00666762 0.596221
0.231608 -0.00715764 0.332639
0.0680193 0.00958507 0.678791
0.176452 -0.0026657 -0.302931
0.147214 0.0504482 0.891192
0.142477 -0.0683298 0.120592
0.145009 0.0276618 0.628127
0.0798889 0.0385786 0.855447
0.169075 -0.0403436 -0.358958
0.207841 -0.0239276 -0.449396
0.250937 -0.0076749 0.213997
0.242334 -0.0155154 0.295968
0.202124 -0.0203612 -0.484542
0.0691899 0.032671 -0.833688
0.230274 -0.0226481 0.115038
0.177977 0.0411104 -0.963601
0.163112 0.000546724 -0.337669
0.0349967 -0.0250982 -0.223328
0.0961416 0.0183239 0.587863
0.207705 -0.090354 -0.247258
0.231608 -0.00715764 0.332639
0.0725929 -0.0138003 -0.277966
0.0198602 -0.00909055 0.488932
0.297435 -0.0638106 -0.47504
0.0324649 -0.0280112 -0.194525
0.207705 -0.090354 -0.247258
0.148275 -0.0664514 0.134966
0.202124 -0.0203612 -0.484542
0.185872 0.00218016 0.3444
0.0976662 -0.0574675 -0.281914
0.229729 -0.0071032 -0.475803
-0.0265566 -0.0438827 -0.202828
0.185981 -0.0019851 0.618109
0.11283 0.0158738 0.531101
0.192188 0.0359106 -0.794786
0.207705 -0.090354 -0.247258
0.041476 0.000791742 0.586883
0.10744 -0.0436649 -0.327215
0.235828 -0.00272015 0.235858
0.0387264 0.0081422 0.636921
0.240864 -0.0246082 -0.44474
0.163112 0.000546724 -0.337669
0.25091 -0.0264866 0.153614
0.16186 -0.118612 0.21348
0.166869 -0.0841197 -0.256078
0.176452 -0.0026657 -0.302931
0.202369 -0.0661247 -0.479859
0.212279 -0.0190545 0.509649
0.0632823 -0.0271128 -0.130032
0.139128 0.027934 0.863206
0.185218 -0.0118129 0.179314
0.0833464 -0.00383633 0.589987
0.109835 -0.0382746 0.347095
0.214974 0.00261574 -0.421001
0.223359 -0.0575219 -0.183336
0.185981 -0.0019851 0.618109
0.0672298 -0.0232742 -0.452036
0.215382 -0.00419024 0.545584
0.0599338 -0.0559974 -0.199643
0.205065 -0.0450534 -0.301161
0.15127 0.0248849 -0.61881
0.320467 0.0128519 -0.510922
0.101695 -0.0161143 -0.535369
0.113075 0.0123891 0.490347
0.0839998 -0.0582025 -0.204244
0.071259 -0.0252888 0.124539
0.239612 -0.00808326 0.213888
0.136869 -0.0611699 -0.198119
0.124645 -0.0690648 -0.125812
0.0992452 0.00533814 0.446217
0.241354 -0.0362873 0.193171
0.186443 -0.0130108 -0.1884
0.206997 -0.00655872 -0.574462
0.110897 -0.114992 0.213398
0.127449 -0.0363145 -0.389993
0.0426466 -0.0539011 0.177626
0.186307 0.0396947 0.802905
0.0386175 -0.0179383 0.278763
0.0450423 -0.0253704 -0.416536
0.121868 0.0129064 0.483868
0.246826 -0.065553 0.474639
0.128348 -0.0409425 -0.354221
0.167223 -0.00677651 -0.26656
0.327082 -0.064709 0.20779
0.160472 -0.0322853 -0.421055
0.126306 -0.0627761 0.163306
0.0996807 0.048597 -0.952412
0.187941 0.0432611 0.85983
0.0551424 -0.00579645 -0.498861
0.00540428 -0.0194084 -0.365682
0.110897 -0.114992 0.213398
0.128348 -0.0409425 -0.354221
0.00839891 -0.0414053 -0.262667
0.0922214 -0.0383018 0.48071
0.265883 -0.0197079 -0.293294
0.219221 0.00991176 -0.554589
0.0460768 0.000846188 0.485964
0.204112 -0.0381385 -0.216849
0.147214 0.0504482 0.891192
0.239557 -0.0225119 0.147081
0.207569 -0.0810162 -0.230951
0.049017 -0.0097167 -0.538772
0.228559 -0.0285829 -0.297513
0.279876 -0.0329387 0.277919
0.227606 0.0163638 -0.505776
0.0916497 0.0102657 -0.524506
0.162704 0.0307925 0.664608
0.0599066 -0.0237098 0.214895
0.235828 -0.00272015 0.235858
0.159818 -0.0460334 -0.0759105
0.178276 -0.0386013 0.34979
0.0725929 -0.0138003 -0.277966
0.0670393 -0.0173122 0.224233
0.155708 -0.00247513 0.280451
0.0239982 -0.00794714 0.502217
0.18138 -0.0803083 0.25829
0.278406 0.00375915 0.235068
0.263133 -0.0129291 0.423512
0.00279078 -0.0291818 0.231883
0.0419388 0.0161733 0.700244
0.0173011 -0.0206335 -0.321198
0.363698 0.00816943 -0.264572
0.0551424 -0.00579645 -0.498861
-0.0267472 -0.0492731 0.140955
0.272798 -0.0371312 -0.529897
0.133575 -0.00772935 0.233979
0.123692 0.0325893 0.896093
0.254639 -0.055099 -0.466982
0.311728 -0.00163119 0.429229
0.0639902 -0.0485652 -0.258991
0.238332 -0.0421132 0.50611
0.294168 -0.00911777 -0.447953
0.0726474 -0.0637834 0.129848
0.0627923 -0.0250165 0.466608
0.171906 -0.0388463 -0.0804569
0.000422301 -0.0542823 0.13709
0.0509771 0.0202296 0.740181
0.00148404 -0.02714 -0.358277
0.322345 -0.0345721 -0.529216
0.159628 -0.0145353 -0.558046
0.120698 0.0313914 -0.720083
0.175336 -0.0690648 -0.134796
0.249848 -0.0255338 -0.296751
0.175908 0.0496315 0.983155
0.0618123 0.000710071 0.606022
0.140789 0.0344133 0.70969
0.0601244 0.0262189 0.756162
0.25091 -0.0264866 0.153614
0.235882 -0.0613333 0.487053
0.0974756 0.0398853 -0.955924
0.0849798 -0.0690648 -0.0898492
0.0771665 0.00288798 -0.475558
0.136596 0.0276618 0.636785
0.294168 -0.00911777 -0.447953
0.295149 -0.05401 -0.518925
0.0915136 0.0355839 -0.918273
0.143811 -0.00149507 -0.316543
0.0651336 -0.00100504 0.595486
-0.00752709 -0.0223214 0.340643
0.0795078 -0.0158421 -0.518817
0.151379 0.0207741 0.808078
0.116396 0.0337871 0.73294
0.230056 -0.00364576 0.451825
0.175527 0.0517005 0.929524
0.171225 -0.0149709 0.262211
0.256953 -0.0268405 0.274951
0.128348 -0.0409425 -0.354221
0.182795 0.0434244 -0.863689
0.204411 -0.0583386 0.438976
0.197823 -0.00435358 -0.299337
0.0915136 0.0355839 -0.918273
0.178276 -0.0386013 0.34979
0.165045 -0.0671592 0.129576
0.277426 0.00198959 -0.249762
0.0583276 0.0266817 0.765145
0.134881 -0.048293 0.271848
0.247888 -0.0250165 0.257773
0.31573 -0.0216408 0.202509
0.0174645 -0.0348716 -0.149034
0.266073 -0.0858893 -0.297976
0.114872 0.0323987 -0.741889
0.126823 0.0385241 -0.793833
0.242334 -0.0155154 0.295968
0.0174645 -0.0348716 -0.149034
0.182659 -0.00378188 0.271984
0.0908602 -0.0608977 0.16494
0.16706 -0.0463057 0.290442
0.238332 -0.0421132 0.50611
0.0439806 -0.00895442 -0.396527
0.101804 -0.0524855 -0.257031
0.285457 0.0347672 0.468813
0.0941543 -0.0128474 0.531836
-0.0267472 -0.0492731 0.140955
0.0503782 -0.0209057 0.213126
0.158376 -0.00691263 -0.251532
0.148765 0.00536536 0.370916
0.166597 -0.0157332 -0.14996
0.0669576 -0.0523766 0.249089
0.0810323 0.0455751 0.93407
0.229484 -0.0050614 0.351832
0.117703 -0.0405614 -0.293647
0.18971 -0.0140997 -0.547048
0.135507 -0.0438283 -0.332006
0.0237532 -0.0226208 0.259298
0.199865 0.00179903 -0.379621
0.266073 -0.0858893 -0.297976
0.237515 -0.0526761 0.170412
0.0906696 -0.0258605 0.264742
0.165045 0.00155401 0.326813
0.151488 0.0432066 0.807642
0.225156 -0.0524038 -0.216794
0.149718 -0.0114046 0.17749
0.218404 -0.0529483 -0.0562004
0.333616 -0.00326462 -0.271787
0.113919 0.0345494 0.745953
0.102703 -0.0625311 0.158161
0.0436539 0.00604596 -0.57645
0.0976662 -0.0574675 -0.281914
0.129164 0.00961229 -0.460476
0.129573 0.0048481 0.685162
0.176452 -0.0026657 -0.302931
0.041476 0.000791742 0.586883
0.106323 -0.0520227 0.204659
0.233514 -0.0148076 0.230195
0.230029 -0.00231179 -0.467037
0.198014 0.0259467 -0.679111
0.172968 0.0306292 -0.692369
0.0916497 0.0102657 -0.524506
0.113837 -0.0540373 -0.251178
0.0365212 -0.0635656 -0.108552
0.127612 -0.00500695 0.609016
0.137876 -0.04538 0.230549
0.0386175 -0.0179383 0.278763
0.0393525 -0.0187278 0.267193
0.0814679 -0.0430932 0.29311
0.0450423 -0.0253704 -0.416536
0.213831 -0.030053 0.274979
0.130498 -0.0559974 -0.238165
0.148765 0.00536536 0.370916
0.207569 -0.0810162 -0.230951
0.205065 -0.0450534 -0.301161
0.101178 0.0306292 0.86552
0.015586 -0.0552351 0.14365
0.117894 -0.050607 -0.224471
0.167006 0.0480797 0.870665
0.126142 0.0113274 -0.483779
0.106323 -0.0520227 0.204659
0.125652 0.0142676 -0.779186
0.339796 -0.0521316 0.193144
0.148602 -0.0371584 0.361006
0.0305047 0.00835999 -0.635607
0.317744 -0.0591281 -0.511058
0.148765 -0.0485108 -0.458162
0.154891 -0.012058 -0.192402
0.0863682 0.0109735 -0.541657
0.0503782 -0.0209057 0.213126
0.113919 0.0345494 0.745953
0.180209 0.00816943 -0.433143
0.0702245 0.0226526 0.780091
0.0261489 0.00618208 0.597392
0.0442256 -0.0342182 0.215413
0.139128 0.027934 0.863206
0.0740358 0.0320176 0.791253
0.0675021 -0.0381929 0.26428
0.0669576 -0.0523766 0.249089
0.0496704 -0.0292907 -0.137246
0.064208 -0.0240909 -0.443188
0.13009 -0.0690648 0.0904277
0.0583276 0.0266817 0.765145
0.0950254 -0.0129291 0.223226
0.137277 0.0461196 -0.87025
0.0996263 -0.00209399 -0.639881
0.177432 -0.0563513 -0.235415
0.130553 -0.0119763 -0.275271
0.0479281 -0.0480752 0.226085
0.071749 0.00827832 -0.535396
0.213831 -0.030053 0.274979
0.0958422 -0.00568755 0.587128
0.0639902 -0.0485652 -0.258991
0.330812 -0.0032374 0.249497
0.167223 -0.00677651 -0.26656
0.142177 0.0124436 -0.478416
0.183775 -0.0117585 -0.201141
0.106541 0.0209102 0.796453
0.0324649 -0.0280112 -0.194525
0.231009 0.00269741 0.501101
0.119908 0.0110007 -0.751363
0.256981 -0.0751358 -0.492137
0.0810323 0.0156288 0.579506
0.0981834 0.00098231 -0.405973
0.115525 -0.0188367 -0.149551
0.15127 0.0248849 -0.61881
0.0632823 -0.0271128 -0.130032
0.332119 -0.00378188 -0.525051
0.0798889 -0.0184828 0.217291
0.117458 -0.0164682 -0.52467
0.113837 -0.0540373 -0.251178
0.23267 -0.0100434 0.29428
0.161261 0.00724381 -0.415039
0.168394 -0.0702899 -0.227738
0.320467 0.0128519 -0.510922
0.148602 -0.0371584 0.361006
0.1752 0.0081422 0.40677
0.403473 0.029023 -0.39571
0.28494 0.0186234 -0.498344
0.327082 -0.064709 0.20779
0.187777 -0.0223214 -0.48887
0.138257 0.0408926 -0.809296
0.12489 -0.110609 0.224043
0.19442 0.0102112 0.4509
0.202614 0.0234965 -0.768133
0.306256 -0.00114116 -0.253737
0.177977 0.0411104 -0.963601
0.135507 -0.0438283 -0.332006
0.157423 0.0416549 0.789647
0.0814135 -0.0467412 -0.288284
0.204139 -0.0563785 -0.0530152
0.167223 -0.00677651 -0.26656
0.0559591 0.0160916 -0.666942
0.020078 0.00250685 -0.597467
0.119908 0.0110007 -0.751363
0.0958422 -0.00568755 0.587128
0.106323 -0.0520227 0.204659
0.125516 0.0377346 0.763485
0.0606144 -0.0204974 -0.22066
0.209448 0.00424918 0.407478
0.178875 0.0017718 0.654181
0.211244 -0.0574675 -0.202665
0.130362 -0.0611427 -0.0613185
0.155463 -0.010969 0.505021
0.0635818 -0.00753878 0.341813
0.0261489 0.00618208 0.597392
0.0702245 0.0226526 0.780091
0.00480535 -0.0578758 0.112561
0.181053 0.0428255 -0.852446
0.216199 0.0075705 0.473305
0.147785 0.0380885 -0.964037
0.0845715 -0.0382746 0.332149
0.10959 -0.00277459 -0.342841
0.0675021 -0.0381929 0.26428
0.127449 -0.0363145 -0.389993
0.333044 -0.0245265 0.196955
-0.0338526 -0.0418682 -0.20879
0.216172 -0.00868218 -0.282703
0.0176823 -0.0251527 -0.265825
0.160472 -0.0322853 -0.421055
0.101804 -0.0524855 -0.257031
0.241463 -0.0796277 -0.218401
0.174329 -0.0601082 -0.062353
0.0107402 -0.00691263 -0.517047
0.107358 0.0196035 -0.80984
0.276364 -0.0602715 0.443331
0.126006 0.0265456 -0.873218
0.110598 -0.00966225 -0.261387
0.0950254 -0.0129291 0.223226
0.139183 -0.0397719 0.340833
0.0503782 -0.0209057 0.213126
0.0300964 -0.0310602 -0.163463
0.0417482 -0.00598702 -0.437989
0.0874572 0.0430433 0.891083
0.26444 -0.0045986 0.504259
0.21786 -0.0595909 0.490946
0.110897 0.0170717 0.548334
0.0479281 -0.0480752 0.226085
0.0844081 -0.0242543 -0.459958
0.0506232 0.00479366 -0.544979
0.246826 -0.065553 0.474639
0.179529 -0.0392547 0.275605
0.24081 0.00991176 0.49032
0.155708 -0.00247513 0.280451
0.133057 0.00130899 0.338329
0.246472 -0.00397244 -0.449396
0.107412 0.0408654 -0.971006
0.172968 0.0306292 -0.692369
0.104091 0.0346855 -0.921213
0.00910673 -0.00982559 0.449348
0.197469 -0.0360695 -0.376299
0.0749342 0.0229248 0.68282
0.31573 -0.0216408 0.202509
0.056068 0.0201207 -0.767344
0.0976662 -0.0574675 -0.281914
0.185218 -0.0118129 0.179314
-0.00818046 -0.0190817 -0.402053
0.185572 -0.0627217 -0.469133
0.0355956 -0.023737 0.215821
0.259431 -0.0730395 -0.293402
0.107412 0.0408654 -0.971006
0.178222 -0.0568141 0.274679
0.0635818 -0.00753878 0.341813
0.0374468 -0.0306791 0.347612
0.216526 -0.00495251 0.505593
0.148602 -0.0371584 0.361006
0.0945899 0.0277162 0.837997
-0.00540362 -0.0322853 0.29017
0.148275 -0.0664514 0.134966
0.135507 -0.0438283 -0.332006
0.111795 0.0533611 -0.988212
0.168612 -0.106253 0.237083
0.150481 -0.0690648 -0.134551
0.18971 -0.0140997 -0.547048
0.175363 -0.0316047 -0.426364
0.132785 -0.0435016 -0.262258
0.0707962 -0.0454889 -0.28823
0.00763664 -0.0343543 0.157426
0.237733 -0.0896189 -0.299582
0.101695 -0.0161143 -0.535369
0.145254 -0.117251 -0.288175
0.0121014 -0.0539556 -0.172583
0.106078 -0.064954 0.141282
0.121814 0.0100751 -0.473924
0.267952 0.0345766 0.475592
0.130553 -0.0272217 0.437778
0.199865 0.00179903 -0.379621
0.188267 -0.0444544 -0.325663
0.228913 -0.043556 0.505701
0.14705 0.0102384 -0.449722
0.0945899 0.0433427 0.879432
0.0814135 -0.0467412 -0.288284
0.287526 -0.0786477 -0.500822
0.239557 -0.0225119 0.147081
0.0945899 0.0433427 0.879432
0.230709 -0.0659341 0.460809
0.185572 -0.0627217 -0.469133
0.105779 -0.0370223 0.354772
0.217696 -0.0492186 0.229896
0.343934 -0.0252071 -0.448742
0.175363 -0.0316047 -0.426364
0.160907 -0.0101251 0.253036
0.401785 0.012498 -0.551485
0.0877839 -0.0386285 -0.491729
0.151216 -0.00677651 -0.25793
0.257443 -0.00571478 0.252927
0.229348 -0.0541461 0.174686
0.185572 -0.0627217 -0.469133
0.0168656 -0.0337826 -0.163708
0.111469 0.000737292 0.438731
0.242497 -0.0593459 -0.464695
0.138774 -0.0466596 -0.310172
0.147513 -0.0409425 0.430591
0.221589 -0.0630756 0.124403
0.0609411 0.035475 0.86013
0.229729 -0.0071032 -0.475803
0.0639902 -0.0485652 -0.258991
0.224911 -0.0329387 -0.216985
0.342328 -0.00206677 -0.523064
0.0893901 -0.0330204 -0.398351
-0.0131624 -0.0421132 -0.135014
0.0632551 -0.0117585 0.29458
0.178385 -0.063484 -0.0538591
0.266073 -0.0858893 -0.297976
0.18108 0.0306836 -0.884026
0.403473 0.029023 -0.39571
0.109835 -0.0382746 0.347095
0.403473 0.029023 -0.39571
0.15127 0.0248849 -0.61881
0.0902613 0.0207741 0.624779
0.0386175 -0.0519682 -0.210968
0.0810323 0.0156288 0.579506
0.223359 -0.0575219 -0.183336
0.132785 -0.0435016 -0.262258
0.12195 0.0276345 0.857298
0.31573 -0.0216408 0.202509
0.0365212 -0.0635656 -0.108552
0.162704 -0.0583931 -0.21968
0.00540428 -0.0194084 -0.365682
0.14294 -0.0154065 0.135265
0.297435 -0.0638106 -0.47504
0.0538084 -0.00811048 -0.55467
0.110897 -0.114992 0.213398
0.207052 0.0068899 -0.457862
0.0945899 0.0433427 0.879432
0.154891 -0.012058 -0.192402
0.116968 0.00885003 0.710915
0.239149 -0.0140997 -0.375292
0.0764587 -0.032367 -0.496684
0.167006 0.0480797 0.870665
0.297571 -0.0809889 0.211928
0.14294 -0.0154065 0.135265
0.117894 -0.050607 -0.224471
0.0725929 -0.0138003 -0.277966
0.159628 -0.0145353 -0.558046
0.287607 -0.00495251 0.439847
0.305575 -0.0230292 -0.0894952
0.0710684 -0.024227 -0.110022
0.159628 -0.0353889 0.3747
0.110897 -0.114992 0.213398
0.206153 -0.00435358 0.231094
0.260737 -0.0333471 -0.079858
0.204139 -0.0563785 -0.0530152
0.195209 0.0190045 0.562218
0.101777 -0.0179655 -0.180124
0.182659 -0.00378188 0.271984
0.159818 -0.0460334 -0.0759105
0.146533 -0.052186 -0.267485
0.165045 -0.0671592 0.129576
0.109509 0.0359106 0.76863
0.296918 -0.011459 0.424629
0.0750431 0.0444045 -0.955543
0.324387 -0.00364576 -0.273121
0.0374468 -0.0306791 0.347612
0.168612 -0.106253 0.237083
0.149065 0.00626375 0.381261
0.326402 0.00699879 0.437315
0.126006 0.0265456 -0.873218
0.114627 0.0314459 0.708656
0.0702789 -0.0333198 0.356787
-0.000612209 -0.0301891 0.310969
0.222297 -0.0639195 0.0918433
0.0820941 -0.0232198 -0.152464
0.0976389 -0.0222125 -0.137845
0.0744169 -0.00615036 -0.587149
0.241218 -0.0482658 0.192136
0.311728 -0.00163119 0.429229
0.0967133 -0.00522475 0.313827
0.145744 -0.0288551 -0.223056
0.209638 0.00795163 -0.476592
0.240864 -0.0246082 -0.44474
0.0885189 -0.0111323 0.539568
0.168067 0.00144512 0.658945
0.234739 -0.00721209 -0.391436
0.239612 -0.00808326 0.213888
0.151488 0.0432066 0.807642
0.116287 -0.00046056 -0.359257
0.138175 -0.00555143 -0.523472
0.0770849 0.0218903 -0.687142
0.202369 -0.0661247 -0.479859
0.0586815 -0.00830105 -0.36737
0.105616 -0.0472585 0.472461
0.172505 0.0121169 -0.75983
0.037229 -0.00484361 0.540766
0.0493981 -0.0387374 -0.235307
0.31573 -0.0655257 -0.48721
0.326402 0.00699879 0.437315
0.0442256 -0.0342182 0.215413
0.0297969 -0.0346266 0.228208
0.238332 -0.0421132 0.50611
0.0971761 -0.0388463 0.447497
0.113075 0.0123891 0.490347
0.188649 0.0137503 -0.506511
0.155708 -0.00247513 0.280451
0.157885 0.0315548 0.673101
0.140135 0.039368 0.767296
0.144001 0.00694435 -0.723786
0.197387 -0.0662063 0.198534
0.185218 -0.0118129 0.179314
0.00415198 -0.0136642 0.437206
0.0383725 -0.0371856 -0.321933
0.0368751 -0.0144537 -0.347796
0.0733552 0.0121986 -0.725228
0.168612 -0.106253 0.237083
0.0833464 -0.00383633 0.589987
0.137631 -0.031877 0.401733
0.31494 0.0187323 -0.481901
0.1042 -0.11197 0.224424
0.101178 0.0306292 0.86552
0.225918 -0.012793 -0.251559
0.287526 -0.0786477 -0.500822
0.127612 -0.00500695 0.609016
0.0981834 0.00098231 -0.405973
0.116206 -0.0341093 -0.404667
0.0639902 -0.0485652 -0.258991
0.355776 -0.000542231 0.220667
0.10145 0.00920394 0.454112
0.0482003 -0.0571408 -0.180695
0.171906 -0.0388463 -0.0804569
0.142885 0.00863223 -0.433878
0.175908 0.0496315 0.983155
0.230709 -0.0659341 0.460809
0.10744 -0.0436649 -0.327215
0.0915136 0.0355839 -0.918273
0.107249 0.00993898 0.478723
0.343934 -0.0252071 -0.448742
0.0844081 -0.0242543 -0.459958
0.116696 -0.0119218 0.431053
0.117512 0.00433085 0.676777
0.177187 0.0155199 0.495084
0.0950254 -0.0129291 0.223226
0.114817 0.0474263 -0.913999
0.0393525 -0.0094989 0.509377
0.114463 -0.0364778 0.363184
0.336828 -0.00108671 0.239942
0.160145 -0.0532205 -0.296043
0.0744169 -0.00615036 -0.587149
0.143647 -0.0760614 0.248572
0.100933 -0.0191634 -0.167573
0.0707962 -0.0454889 -0.28823
0.182659 -0.00378188 0.271984
0.160472 -0.0322853 -0.421055
0.343934 -0.0252071 -0.448742
0.130335 -0.00146784 0.309608
0.179529 -0.0392547 0.275605
0.159982 -0.0026657 -0.300617
-0.0267472 -0.0492731 0.140955
0.149065 0.00626375 0.381261
0.109835 -0.0382746 0.347095
0.266155 -0.0536833 -0.301161
0.159056 0.0171261 0.506627
0.101777 -0.0179655 -0.180124
0.200328 -0.0449989 -0.527746
0.228913 -0.043556 0.505701
0.141633 -0.0364506 -0.525078
0.273859 -0.0237642 -0.089223
0.0239982 -0.00794714 0.502217
0.246472 -0.00397244 -0.449396
0.157885 0.0315548 0.673101
0.0906696 -0.0258605 0.264742
0.0810323 0.0455751 0.93407
0.271164 0.0141587 0.443413
0.133656 -0.0352527 -0.0827437
0.195046 -0.0853992 -0.240343
0.0967678 -0.0220491 0.433476
0.165045 0.00155401 0.326813
0.214974 0.00261574 -0.421001
0.0528828 0.0200118 -0.721771
0.110434 0.0379796 -0.813189
0.339796 -0.0521316 0.193144
0.0368751 -0.0144537 -0.347796
0.218431 -0.0341638 -0.358223
0.155571 -0.00791992 -0.240152
0.20629 -0.0552351 0.202454
0.271709 -0.0484836 0.279307
0.223413 -0.0393908 -0.447463
0.0770849 0.0218903 -0.687142
0.241463 -0.0796277 -0.218401
0.139128 -0.0116768 0.253308
0.142177 0.0124436 -0.478416
0.175527 0.0517005 0.929524
0.14705 0.0102384 -0.449722
0.139128 -0.0310058 -0.271759
0.20599 -0.00568755 0.247836
0.0992452 0.00533814 0.446217
0.221181 0.00781552 0.540004
0.134881 -0.0210691 0.264824
0.135997 -0.00870941 -0.242358
0.0991363 -0.117605 0.242201
0.297571 -0.0809889 0.211928
0.0236171 -0.0290185 -0.255153
0.13744 -0.0224303 -0.527474
0.162704 -0.0583931 -0.21968
0.085606 -0.0063137 0.573326
0.172723 -0.0601899 -0.511194
0.329723 0.0174256 -0.496684
0.276364 -0.0602715 0.443331
0.257035 -0.0510971 0.118142
0.106541 0.0209102 0.796453
0.0426466 -0.0539011 0.177626
0.24375 -0.067132 0.274407
0.236399 -0.0345177 0.291585
0.0810051 0.0117358 0.705226
0.332418 -0.0269494 -0.228364
0.0240799 -0.00865496 -0.448497
0.152795 0.0448673 -0.849315
0.0509771 0.0202296 0.740181
0.269068 -0.0336465 0.423621
