0.0245971 -0.0666964 0.05618
0.776576 0.00419473 -0.053968
-0.159055 -0.0778854 -0.0074151
-0.474907 0.0435333 -0.00150751
0.0447429 0.108789 -0.0443852
0.666619 -0.0875771 -0.011417
-0.0263116 -0.0121124 -0.0937694
-0.354877 0.0943059 0.0438203
0.544683 0.0935709 0.043657
-0.00837103 -0.0578758 0.0895838
0.372955 0.0844509 -0.0807836
-0.328797 -0.000242767 -0.0234772
0.672908 0.0807756 0.0391378
-0.515308 0.0703216 -0.0723986
0.687935 0.081674 -0.0551931
0.0447429 0.00318745 -0.0977713
0.701792 0.0841786 -0.0355919
0.409108 -0.0680576 0.205313
0.00902506 -0.0723862 -0.0391037
-0.450923 0.0809118 0.0485573
0.599648 0.0528983 0.065055
-0.46527 0.107265 -0.0196386
0.652735 0.0955855 -0.0534508
0.00456034 0.0360739 -0.0112264
-0.0880555 -0.050852 -0.0112264
-0.523856 0.0944421 0.00303889
0.126877 0.0480797 0.0290377
0.229593 -0.0761975 0.00205883
-0.112856 -0.0657435 0.0311884
0.276037 0.112247 -0.0305282
0.629295 0.108163 -0.000881355
-0.158021 -0.0456523 -0.0112264
-0.126795 0.0732891 -0.0883246
-0.14106 0.0332427 -0.0112264
-0.0708499 0.102745 0.0345914
-0.333289 -0.0139092 -0.0309638
0.602588 0.0580437 -0.0856567
0.643642 -0.0378662 -0.0092391
0.25306 -0.0742374 -0.0338223
-0.018825 -0.0660702 -0.0502383
-0.315566 0.0621817 0.0729772
0.689405 0.0215908 -0.078524
0.496878 0.0413009 -0.100575
0.195073 -0.0179383 0.103468
-0.0773292 0.0227887 0.0298545
-0.0599331 0.0668098 -0.0112264
-0.0918396 0.00422196 -0.0112264
0.593577 -0.0725495 0.0141735
0.230492 -0.0616055 0.0834311
0.169183 0.0509927 -0.0112264
0.295992 0.0605755 0.0735216
-0.0322192 -0.0615238 0.048884
0.163793 0.0320176 -0.0610735
0.60806 -0.0599448 -0.056881
0.397919 -0.0629667 -0.0587594
-0.190009 0.0606844 -0.0145478
0.169183 0.0509927 -0.0112264
0.156198 0.0684432 0.0121861
0.103928 0.0197124 0.0783403
0.274567 -0.0666419 0.0295005
0.544683 0.0935709 0.043657
0.218295 -0.072604 -0.0385048
0.732256 0.0179428 -0.0668994
-0.204982 0.0486242 -0.0184408
0.784417 -0.0448356 0.0114783
-0.25208 0.0423355 -0.0112264
-0.400913 -0.0484019 0.0482034
-0.480543 0.0730985 0.0528042
-0.452012 0.0978178 -0.0440857
-0.156687 0.0225164 0.0182026
0.160962 -0.0678126 0.0375588
0.210645 -0.0758708 -0.0263357
-0.233105 0.00269741 -0.0112264
-0.0810589 -0.0749724 -0.0313722
-0.0505681 -0.0577669 0.0571056
-0.182876 -0.000977812 -0.0112264
0.0114752 -0.0357428 -0.0112264
0.327164 0.0790878 -0.0845405
0.197415 0.0583976 0.0126489
0.272389 0.066837 -0.0925171
0.810552 -0.0026657 0.0194549
-0.531288 0.0450578 -0.0226877
0.773364 0.0234965 0.0301811
-0.38809 0.0233604 -0.00477438
0.101614 0.0226798 -0.10131
-0.183993 0.0277434 0.010716
-0.000176625 0.0370268 -0.0529063
-0.250446 0.106475 -0.0492311
0.0199146 -0.00713042 -0.0957295
0.648842 0.0390958 -0.0832882
0.101614 0.0226798 -0.10131
0.120643 0.0915563 0.0501091
0.318479 0.113798 -0.0117709
0.689542 -0.136771 -0.0221977
0.648951 -0.0736113 -0.00109915
-0.547405 -0.0482658 0.0293644
-0.355531 0.0346039 -0.0156639
0.167659 0.0663742 -0.0112264
0.282762 -0.0719506 -0.0403288
-0.0122368 0.100567 -0.0112264
-0.0395152 -0.0337826 -0.0112264
0.198994 -0.0216952 0.0675596
0.0860688 0.0893784 -0.0750666
-0.344587 0.0833891 -0.00951134
0.0358406 -0.0139364 0.0706087
0.192868 0.0647952 -0.0112264
0.171525 0.00596428 -0.0982613
0.0498337 -0.0728762 -0.0377153
0.800915 0.0331065 -0.034639
0.0756965 0.0424988 -0.0112264
0.025305 -0.0690648 -0.0326789
0.187886 -0.0147803 -0.0112264
0.784417 -0.0448356 0.0114783
-0.138338 0.0264095 0.0793748
0.212578 0.0275256 -0.0112264
-0.501369 0.0174256 -0.0219799
-0.123202 0.113798 -0.00640781
-0.284912 0.0381974 0.0793748
-0.354877 0.0943059 0.0438203
0.0156677 0.0704578 -0.0901486
-0.461867 -0.0687109 0.00682302
0.171525 0.00596428 -0.0982613
0.0800523 -0.0560518 -0.0112264
-0.35956 -0.0418137 -0.0770267
-0.424979 0.000165589 0.0708809
-0.222623 -0.0275756 0.0383211
0.00842614 0.102936 -0.00910298
-0.499572 -0.0488919 0.0370416
-0.195753 -0.0445633 0.00151435
-0.507413 0.0156288 -0.0893591
0.537142 0.084097 0.0550366
0.76144 -0.0586653 0.0122406
-0.105125 0.0736157 -0.0881068
-0.0301502 0.0344133 -0.101828
0.192868 0.0647952 -0.0112264
-0.0830735 0.0180245 -0.0548392
0.0982923 0.0690966 0.0685941
-0.326401 0.103644 0.0315968
0.101695 0.0718734 -0.0355919
0.0183901 -0.0280928 -0.0112264
0.0353778 0.10378 -0.013731
0.0405776 0.0595682 -0.0963012
0.0978567 -0.0558068 0.0442287
0.110979 -0.00378188 -0.0964918
-0.299531 0.00190792 0.00516236
-0.0355133 0.0447039 -0.0112264
-0.289349 -0.012303 0.0712348
-0.122412 0.0632707 -0.0112264
0.201308 0.044595 -0.0457464
0.187723 -0.014372 0.0717249
0.241545 -0.0259149 0.0835128
-0.0129174 0.0197396 0.0391106
0.526606 -0.0727401 0.016542
0.715867 -0.0562696 0.0137651
-0.607134 -0.0159782 0.043657
0.138529 0.0139409 0.0522053
0.00782721 -0.0495725 -0.0112264
0.076132 0.0396675 0.0793748
0.727192 0.0730168 -0.0122065
0.457648 0.0857576 -0.0792863
0.450652 0.113798 -0.0213265
-0.596408 -0.0528394 -0.00880352
-0.0834546 0.108054 -0.0459097
-0.54392 0.0756303 0.0380216
-0.531288 0.0450578 -0.0226877
-0.171361 -0.0230292 -0.0112264
0.295992 0.0605755 0.0735216
0.784417 -0.0448356 0.0114783
0.565264 0.112764 -0.018713
-0.386702 0.0811296 -0.0789596
0.445996 0.110259 -0.0393215
0.430615 0.0774543 -0.0856022
-0.42212 -0.0348444 -0.0792863
0.607625 -0.0764698 -0.00221533
0.770315 -0.0277662 -0.0484416
-0.0467295 -0.0488919 0.109076
0.666619 -0.0875771 -0.011417
-0.391847 0.0979812 0.0349453
0.0353778 -0.0778854 -0.00736065
-0.0599331 0.0668098 -0.0112264
0.499655 0.108571 0.0210611
-0.542777 0.0515644 0.000479842
0.00902506 -0.0723862 -0.0391037
0.0287352 -0.0528666 0.0471961
-0.360839 -0.0460334 0.0518514
0.607625 -0.0764698 -0.00221533
0.183422 0.0689877 -0.0911287
0.257552 -0.00843717 -0.0267713
-0.31788 -0.0439372 -0.0772172
0.577678 0.0385513 0.0721877
-0.0758319 -0.0216952 0.0572145
0.200001 0.113798 -0.0191214
-0.120833 0.00953062 -0.0112264
0.0982923 0.0690966 0.0685941
-0.407555 0.107727 -0.0273702
-0.375322 -0.00955335 -0.0112264
0.380033 0.109987 0.0180937
0.143538 0.0836069 0.0591474
0.0504327 0.105549 0.0287111
0.497722 -0.0749452 -0.0320528
-0.0314297 0.012743 -0.0112264
0.538912 0.0259194 -0.0978802
-0.0648062 0.0829535 0.059583
-0.349814 0.0016629 -0.096274
-0.607243 -0.0191906 -0.064177
0.0748525 -0.0690648 0.0228579
-0.0348871 -0.0682754 -0.0259818
-0.0967671 0.0964566 -0.0668449
0.0442528 0.0846142 -0.0112264
0.773364 0.0234965 0.0301811
-0.434779 0.0854309 -0.00335873
0.722101 -0.130836 -0.0105186
-0.16725 -0.0014134 -0.053478
0.442566 0.0999413 -0.062843
0.0286535 -0.0655257 -0.0540225
0.606454 0.10201 -0.0481421
-0.450923 0.0809118 0.0485573
-0.0106034 0.100431 0.0394373
-0.16725 -0.0014134 -0.053478
0.00151126 -0.0169583 0.0694108
0.76095 -0.0134464 0.0349453
-0.0288162 -0.07176 -0.0409005
-0.0322192 -0.0615238 0.048884
-0.432792 0.0333788 -0.00267813
0.0286535 -0.0655257 -0.0540225
0.49097 -0.075653 0.00510791
0.144736 -0.067867 -0.038532
-0.146532 -0.0138275 0.0417241
0.0218748 -0.0642462 0.07393
-0.0769209 -0.0610338 -0.0417989
0.0132175 0.0667009 -0.0112264
0.176616 0.0332154 -0.0112264
-0.515308 0.0703216 -0.0723986
0.0294158 -0.032612 0.100609
-0.322617 -0.0442366 0.0544104
-0.0337982 -0.0586381 -0.0955934
-0.204982 0.0486242 -0.0184408
-0.084843 0.0744597 -0.0203465
-0.070006 0.112083 -0.0313177
0.239149 -0.0246354 -0.0127238
-0.497068 -0.021423 -0.0801847
0.192868 0.0647952 -0.0112264
0.0977478 0.113798 -0.0128871
0.218295 -0.072604 -0.0385048
-0.0810045 0.113798 -0.00112637
-0.101559 -0.00838272 -0.0682333
-0.415505 0.0960483 -0.0181141
-0.635746 -0.0416504 0.0102805
-0.269585 -0.0675948 -0.0501839
-0.020649 0.103317 0.0333936
0.101695 0.0718734 -0.0355919
0.114872 0.108381 0.0227762
-0.195753 -0.0445633 0.00151435
-0.514382 -0.058747 -0.0412272
0.0722662 -0.0690648 -0.062108
0.748699 0.0532795 -0.0242667
0.496878 0.0413009 -0.100575
0.200001 0.113798 -0.0191214
-0.181297 0.0411648 -0.101828
0.0241616 -0.0690648 0.0210884
-0.136215 -0.0722773 -0.0394304
-0.204274 -0.0344632 0.0455899
0.442566 0.0999413 -0.062843
-0.35259 0.0141859 -0.0984791
-0.0918396 0.00422196 -0.0112264
0.0498337 -0.0728762 -0.0377153
-0.318315 -0.0775043 -0.0170796
-0.090914 0.0263822 0.0793748
0.333453 0.109905 -0.0408733
-0.515308 0.0703216 -0.0723986
0.0645891 -0.055344 0.0447187
-0.107711 0.0104562 0.0766252
0.0294158 -0.032612 0.100609
-0.298578 -0.0713517 0.0195638
-0.195018 0.0228976 -0.0338223
0.0877567 0.0403481 -0.0112264
-0.382128 0.0394497 -0.0172702
0.531969 -0.0210146 -0.0883246
-0.365821 -0.0702899 0.0186382
-0.0769753 -0.0100978 0.0503269
-0.201253 0.110177 -0.0396755
0.164392 0.110259 -0.0392943
-0.110733 -0.0190545 -0.0112264
0.246908 0.113254 -0.0260635
0.540109 0.0765287 0.0601547
0.200001 0.113798 -0.0191214
0.810552 -0.0026657 0.0194549
0.0461041 0.0810479 0.00685024
0.396313 -0.0511515 -0.0713641
0.82332 -0.0115679 -0.0299293
-0.207242 0.0110007 -0.0112264
0.212578 0.0275256 -0.0112264
-0.491351 -0.0494092 -0.0602567
-0.225319 -0.0748636 -0.0320255
-0.0960321 -0.044645 0.0723238
-0.483782 0.0933803 0.0225857
-0.288042 0.0855943 -0.0794768
0.224938 -0.0119218 -0.0112264
-0.450923 0.0809118 0.0485573
0.137032 -0.0019851 -0.0112264
-0.501124 0.058207 -0.000908579
-0.267706 0.00678101 -0.0984247
0.259567 -0.0222397 -0.0573982
0.0286535 -0.0655257 -0.0540225
0.434562 -0.0648451 0.220068
0.711974 -0.0681937 0.0139012
0.619494 -0.0654169 0.0271593
0.201308 0.044595 -0.0457464
-0.234493 -0.0195173 0.0304262
0.0188529 0.0285329 -0.0112264
0.183422 0.0689877 -0.0911287
0.0218748 -0.0642462 0.07393
0.0286535 -0.0655257 -0.0540225
0.163793 0.0320176 -0.0610735
0.639722 0.097355 0.0335297
0.67544 0.0517822 -0.0720719
-0.391956 0.0334605 -0.0178146
-0.0263116 -0.0121124 -0.0937694
0.219684 -0.0762248 -0.0243212
0.613097 0.0489509 0.0637755
0.390242 0.0156288 0.077578
0.294876 0.0491959 -0.0998403
0.701384 0.0536062 0.0388111
0.0527739 0.03474 0.0793748
-0.0475735 0.0878811 -0.00529163
-0.484191 0.0197668 -0.00099025
-0.352427 -0.0307608 0.0618698
-0.190064 0.0108374 0.0767068
0.274567 -0.0666419 0.0295005
-0.237134 -0.0118674 -0.0938783
-0.354877 0.0943059 0.0438203
-0.157395 0.106012 -0.0501839
-0.10537 0.00482088 -0.0112264
-0.0926291 -0.0611699 0.00943651
0.643642 -0.0378662 -0.0092391
-0.283877 -0.0273306 -0.026009
0.452067 -0.0139908 0.196928
-0.382128 0.0394497 -0.0172702
0.191698 -0.0490825 0.0509802
0.116805 0.0571453 -0.0455014
0.749135 0.0507749 0.0129756
-0.241762 0.013097 -0.0318622
0.443165 -0.0436105 0.238961
0.0128636 -0.0726312 0.0159703
-0.0916218 0.0476169 0.0123767
-0.270837 -0.00998893 -0.0112264
0.0819852 -0.0690648 -0.0428334
-0.19883 -0.0785116 -0.0115531
-0.529981 0.00770662 0.0629315
-0.192514 -0.0415142 0.0227218
-0.0667664 -0.0577125 -0.0591678
0.751803 -0.0646001 0.0119139
0.0114752 0.0882894 0.0538932
0.22894 0.012008 -0.0112264
0.529982 -0.0781304 -0.0136766
-0.1394 0.0152204 -0.0999492
-0.03682 -0.0328843 -0.0937694
-0.0992445 -0.0347627 0.0626865
0.151352 -0.0690648 0.0456716
-0.228395 -0.0645457 0.0333936
-0.364705 -0.0110507 0.070037
0.169183 0.0509927 -0.0112264
0.369933 0.0646863 -0.0939327
-0.227769 0.00669934 0.0155347
-0.0528821 -0.0615238 -0.0545669
0.236672 0.0716284 0.0669607
-0.190009 0.0606844 -0.0145478
0.192868 0.0647952 -0.0112264
0.369878 0.0233876 0.0789936
0.44959 -0.0519955 0.237274
0.09606 0.0868466 -0.0780067
0.241545 -0.0259149 0.0835128
0.253387 0.034985 -0.0112264
0.580646 0.0708117 -0.0843499
0.409108 -0.0680576 0.205313
0.241926 -0.00917222 -0.0112264
0.753708 -0.0467685 -0.0349657
-0.070006 0.112083 -0.0313177
0.0187168 -0.0655257 -0.0540497
0.437421 0.082518 -0.0823081
0.216526 -0.0749452 0.00913705
-0.542886 0.0186506 0.0632854
-0.17049 -0.0510971 -0.0714186
-0.269585 -0.0675948 -0.0501839
-0.523856 0.0944421 0.00303889
0.323897 0.112056 0.00894648
0.153965 0.0890245 0.0530492
0.357736 0.01748 0.0779319
0.0215208 -0.0308425 -0.106919
-0.2459 -0.0711883 0.0200266
0.0744169 0.0500126 -0.0995409
-0.17049 -0.0510971 -0.0714186
0.472077 0.108081 -0.0458553
-0.113428 0.0987434 -0.0642042
0.67024 -0.0349805 -0.0710374
-0.166488 0.0258378 0.0793748
-0.333289 -0.0139092 -0.0309638
0.648951 -0.0736113 -0.00109915
0.14607 0.00348691 -0.0112264
-0.0794799 0.00863223 0.0762985
-0.500117 0.0826813 -0.00134416
-0.0348871 -0.0682754 -0.0259818
-0.211815 0.112764 0.00578851
-0.386702 0.0811296 -0.0789596
0.131233 -0.0475307 -0.0112264
-0.107711 0.0104562 0.0766252
-0.157395 0.106012 -0.0501839
-0.0545973 -0.0492731 -0.0732698
0.143076 0.0346855 -0.0602567
0.450951 -0.0250982 0.207708
-0.515308 0.0703216 -0.0723986
-0.326156 -0.0669958 0.0283299
-0.412429 0.0237143 -0.00360375
-0.356375 0.0192768 -0.0158001
-0.158021 -0.0456523 -0.0112264
-0.483782 0.0933803 0.0225857
-0.00499526 0.0531706 0.02019
-0.366121 0.0858393 0.0527498
-0.313878 0.0196579 -0.00733343
-0.166814 0.0827902 -0.0821448
0.426313 -0.0329115 0.220368
0.556199 0.000764517 -0.0930888
-0.00368851 -0.0411876 -0.0112264
-0.227878 0.0916652 0.0499729
-0.0921118 0.104597 0.0307256
0.762366 -0.00968947 -0.0577521
-0.167223 -0.0427665 -0.0779795
0.17 0.0422538 -0.0528518
0.0877567 0.0403481 -0.0112264
-0.03682 -0.0328843 -0.0937694
-0.249003 0.0567914 -0.0972541
0.437421 0.082518 -0.0823081
-0.155054 0.0530617 -0.0235317
-0.18176 -0.005742 -0.0532602
0.529982 -0.0781304 -0.0136766
0.594231 0.0339505 -0.0928166
0.0185534 -0.0590465 0.040989
0.377583 -0.0270039 0.0654906
0.248487 -0.0379207 0.0362521
0.637217 0.0107829 0.0651094
0.682872 -0.108403 -0.00627169
0.116805 0.0571453 -0.0455014
0.573078 -0.0489464 0.0479856
-0.366311 0.111457 -0.0158001
0.4846 0.112247 0.00802087
-0.104989 -0.038329 -0.0112264
0.762366 -0.00968947 -0.0577521
-0.237134 -0.0118674 -0.0938783
-0.146532 -0.0138275 0.0417241
0.134391 -0.0690648 0.0446371
0.42841 0.065258 -0.0935516
0.762366 -0.00968947 -0.0577521
0.00782721 -0.0495725 -0.0112264
0.375459 -0.0169038 -0.0918909
0.17 0.0422538 -0.0528518
0.63395 0.0245855 0.0658173
-0.595618 -0.0487558 0.010226
0.120425 -0.0363145 -0.0112264
0.672908 0.0807756 0.0391378
0.0248694 -0.0751358 0.00802087
-0.192541 -0.0286918 0.0443648
0.103928 0.0197124 0.0783403
-0.325639 0.109252 0.0192643
-0.0129174 0.0197396 0.0391106
-0.438509 0.0214819 -0.00240589
0.223277 0.0596771 -0.0266352
0.253387 0.034985 -0.0112264
-0.16499 0.0659658 -0.00776901
0.0441439 0.112301 -0.0303376
0.189792 -0.00239346 -0.0112264
-0.0967671 0.0964566 -0.0668449
-0.0782821 0.057118 -0.0971452
-0.0184983 0.0443228 0.0790481
0.144736 -0.067867 -0.038532
-0.155271 0.0178339 -0.100439
0.511715 0.112573 -0.0266624
0.256953 -0.0195173 0.0206255
-0.194528 -0.0763336 0.00121489
-0.181297 0.0411648 -0.101828
0.652708 -0.0614422 -0.0124243
0.09606 0.0868466 -0.0780067
0.521869 -0.0212596 0.0661167
-0.289621 0.0275801 -0.0112264
0.144736 -0.067867 -0.038532
-0.2459 -0.0711883 0.0200266
0.295992 0.0605755 0.0735216
0.191698 -0.0490825 0.0509802
-0.0122368 0.100567 -0.0112264
0.769417 0.0180517 -0.0556831
-0.354877 0.0943059 0.0438203
0.164392 0.110259 -0.0392943
-0.13194 -0.00802881 0.0728955
0.0703333 0.112301 -0.030256
0.525436 -0.0517232 -0.0698396
0.0628195 0.00329634 -0.0977713
-0.412429 0.0237143 -0.00360375
0.310693 -0.0340821 0.0610531
-0.228395 -0.0645457 0.0333936
-0.204274 -0.0344632 0.0455899
-0.0630094 -0.0723045 0.0168686
-0.2101 -0.0322853 -0.0663549
0.733372 -0.0628034 -0.0356463
0.479836 0.0609294 -0.0958656
-0.398953 -0.0551262 -0.0639592
0.0800523 -0.0560518 -0.0112264
0.439626 0.0855943 0.0570239
0.326538 0.0574175 0.0745834
0.105588 -0.0690648 -0.0481421
-0.31856 0.0921008 -0.0718269
0.770315 -0.0277662 -0.0484416
0.379652 0.0463918 0.0783403
0.137032 -0.0019851 -0.0112264
0.687935 0.081674 -0.0551931
0.187587 0.0627806 0.0727049
-0.0740351 -0.068956 -0.0476521
0.0756965 0.0424988 -0.0112264
0.0245971 -0.0666964 0.05618
0.201471 0.00114565 -0.0112264
-0.068182 0.0413282 -0.101828
0.186144 -0.0689287 0.0790209
0.0441439 0.112301 -0.0303376
0.156198 0.0684432 0.0121861
-0.122412 0.0632707 -0.0112264
0.143076 0.0346855 -0.0602567
0.537142 0.084097 0.0550366
-0.167223 -0.0427665 -0.0779795
-0.179855 0.112546 0.00679579
0.299477 -0.0717328 0.0185293
0.180182 0.107564 -0.0469442
0.336883 -0.0527033 -0.0697851
0.223168 0.0696683 -0.0112264
0.173784 -0.0626672 -0.0452019
-0.1192 0.10378 0.0324135
-0.0303952 -0.019109 -0.0112264
0.117349 -0.0690648 -0.0489316
0.116805 -0.0454889 0.0537843
-0.533629 0.078026 -0.0603929
0.497477 0.0210463 0.0775236
0.232234 -0.000433335 0.0746378
0.0758326 0.0727718 -0.0349657
0.524183 0.0789244 0.0596102
-0.227878 0.0916652 0.0499729
0.0777655 0.0851042 0.0040734
0.0447429 0.108789 -0.0443852
0.770315 -0.0277662 -0.0484416
-0.316328 0.0110279 -0.0029776
-0.502404 0.0950138 -0.00145306
0.471315 -0.0623133 0.0375044
-0.303369 -0.0285284 -0.011172
-0.110597 -0.0493547 0.067124
-0.511823 0.0953949 -0.0272613
-0.172749 0.103181 -0.0561187
-0.502023 0.0924819 -0.0422345
0.120534 0.00887725 0.0552272
-0.14155 -0.0547995 0.0452632
-0.0769209 -0.0610338 -0.0417989
-0.03682 -0.0328843 -0.0937694
-0.353489 -0.00576922 0.072351
0.0861504 0.0463101 0.0783675
0.0405776 0.0595682 -0.0963012
0.0241616 -0.0690648 0.0210884
-0.424979 0.000165589 0.0708809
0.537142 0.084097 0.0550366
-0.407555 0.107727 -0.0273702
0.686874 -0.11589 -0.0204281
-0.0807867 0.0792511 0.0619787
-0.04545 -0.0457612 -0.112309
-0.20814 -0.0569774 -0.065511
-0.166488 0.0258378 0.0793748
-0.234493 -0.0195173 0.0304262
-0.547405 -0.0482658 0.0293644
-0.42212 -0.0348444 -0.0792863
-0.0711494 -0.0233287 -0.0112264
0.0758598 0.0319631 -0.0112264
-0.382128 0.0394497 -0.0172702
-0.203131 0.0309286 -0.0281597
0.377664 -0.0769326 -0.0203465
-0.323189 0.0108646 0.076489
0.0977478 0.113798 -0.0128871
-0.195672 -0.068602 -0.0483054
0.445996 0.110259 -0.0393215
-0.164772 -0.0421948 0.0558805
0.752211 -0.00375466 -0.061264
-0.11871 0.00865946 -0.0987514
0.260901 0.0104835 -0.000935803
0.0259039 -0.0362873 -0.0112264
-0.0694343 -0.0679487 0.0270504
-0.117076 0.0858665 -0.0791501
0.65984 0.0511016 -0.0758833
0.619494 -0.0654169 0.0271593
0.110843 -0.00236624 0.0619787
-0.18176 -0.005742 -0.0532602
0.201308 0.044595 -0.0457464
0.201308 0.044595 -0.0457464
0.084272 -0.0354705 -0.0112264
-0.207242 0.0110007 -0.0112264
0.178766 -0.0130652 -0.0112264
0.0833736 -0.00895442 -0.0949945
0.00616655 -0.0695821 0.0240285
0.800806 0.0304386 0.0146091
-0.112856 -0.0657435 0.0311884
-0.295338 0.0853765 0.057269
-0.410904 -0.00696708 0.0700097
0.0830197 0.047263 -0.100494
0.741893 -0.0338371 0.0331486
-0.242197 0.0684976 0.0690025
-0.0366022 -0.0417865 0.0561528
0.109808 0.0612016 -0.0957567
0.0777655 0.0851042 0.0040734
0.260901 0.0104835 -0.000935803
-0.326156 -0.0669958 0.0283299
-0.172041 0.0340594 -0.0318622
-0.34102 0.0648224 -0.0122882
0.612797 0.101085 0.0269143
-0.187014 0.00928561 -0.0112264
-0.366121 0.0858393 0.0527498
-0.258668 -0.041487 0.0563433
0.215573 2.94718e-05 -0.0112264
-0.167223 -0.0427665 -0.0779795
-0.057728 -0.0553712 0.0754545
0.0294158 -0.032612 0.100609
0.114872 0.108381 0.0227762
0.385641 -0.0722228 -0.0395666
0.640675 0.10574 -0.010437
-0.484191 0.0197668 -0.00099025
0.426313 -0.0329115 0.220368
0.195073 -0.0179383 0.103468
0.138203 0.0831713 0.00263053
0.0689177 0.0515099 0.0765979
0.450407 0.0100751 -0.170623
-0.0467295 -0.0488919 0.109076
0.218295 -0.072604 -0.0385048
-0.258668 0.0646591 -0.09396
0.331955 0.102065 -0.0585144
-0.204274 -0.0344632 0.0455899
0.0805695 -0.0753808 -0.0290037
-0.243559 -0.0534111 -0.0691045
0.712328 0.0383335 0.0445009
0.525626 0.0653397 -0.0911014
0.786813 0.0229248 0.0257981
-0.121677 -0.0319314 0.0571601
-0.122412 0.0632707 -0.0112264
-0.595618 -0.0487558 0.010226
0.135752 -0.0749997 -0.0311544
0.00788166 -0.075163 0.00788475
0.549665 -0.0769054 0.00186826
-0.142966 0.104624 -0.0530968
0.576508 -0.0509065 -0.0689412
0.671002 -0.0167949 0.056425
-0.303369 -0.0285284 -0.011172
0.0833736 -0.00895442 -0.0949945
-0.325639 0.109252 0.0192643
0.551816 0.0183239 -0.0957023
-0.276309 0.0609838 -0.0958384
-0.247669 -0.0313325 -0.0386954
0.262398 0.0668098 0.0700914
0.16333 -0.00628648 0.0735761
0.621781 -0.0567869 0.0370416
-0.17049 -0.0510971 -0.0714186
-0.10537 0.00482088 -0.0112264
-0.0740351 -0.068956 -0.0476521
-0.344587 0.0833891 -0.00951134
-0.138338 0.0264095 0.0793748
-0.155108 0.0411648 0.0793748
0.734978 0.0568458 -0.00624447
-0.559656 0.0358834 -0.0236678
-0.42212 -0.0348444 -0.0792863
0.565264 0.112764 -0.018713
0.773364 0.0234965 0.0301811
-0.0834546 0.108054 -0.0459097
0.704869 -0.0559701 0.0253353
-0.382754 -0.0089272 0.0702275
-0.0114746 -0.0614149 0.0691114
-0.493474 0.0644413 -0.0211904
-0.412646 -0.0259694 0.0625232
-0.190064 0.0108374 0.0767068
0.409108 -0.0680576 0.205313
0.362501 0.0180789 -0.100494
0.0016746 -0.0785116 -0.0108725
0.410142 -0.0771231 -0.0193392
-0.20177 -0.0322581 -0.0846766
0.025305 -0.0690648 -0.0326789
0.619494 -0.0654169 0.0271593
-0.325639 0.109252 0.0192643
-0.1192 0.10378 0.0324135
0.687119 0.0551035 0.045726
0.212578 0.0275256 -0.0112264
-0.491351 -0.0494092 -0.0602567
0.23463 0.0687154 -0.00899408
0.0615128 0.0256472 -0.0112264
-0.35956 -0.0418137 -0.0770267
0.0758598 0.0319631 -0.0112264
0.138529 0.0139409 0.0522053
0.170599 -0.0702627 0.0226946
0.36152 0.113798 -0.0110631
-0.109753 -0.0326392 -0.0819542
0.0396248 -0.0739107 0.0123495
-0.0301502 0.0344133 -0.101828
-0.325258 0.00503867 -0.00126249
-0.343715 0.0492776 -0.0129416
0.109182 0.012498 0.0530765
0.00725551 -0.0690648 -0.0173518
-0.172586 0.00669934 0.025063
0.530881 0.101602 -0.0556831
0.42841 0.065258 -0.0935516
0.0758326 0.0727718 -0.0349657
0.138529 0.0139409 0.0522053
0.050351 0.110422 0.0162153
0.537142 0.084097 0.0550366
0.72643 -0.0551262 -0.0408189
0.187587 0.0627806 0.0727049
-0.407555 0.107727 -0.0273702
0.67544 0.0517822 -0.0720719
-0.126795 0.0732891 -0.0883246
-0.269585 -0.0675948 -0.0501839
0.480026 0.00321467 0.0753184
-0.081794 -0.0542278 -0.0785512
-0.183993 0.0277434 0.010716
0.126877 0.0480797 0.0290377
0.260901 0.0104835 -0.000935803
-0.0106034 0.100431 0.0394373
-0.0808683 -0.0228386 -0.0797763
0.0523383 -0.0277389 0.0918161
-0.14155 -0.0547995 0.0452632
0.0016746 -0.0785116 -0.0108725
-0.38809 0.0233604 -0.00477438
0.424898 -0.0277662 0.0650822
0.0163483 -0.0606254 0.0898015
0.237407 -0.0421404 0.055935
-0.429471 0.0327799 -0.0971724
-0.117076 0.0858665 -0.0791501
0.197496 0.0296763 0.0793748
-0.0960321 -0.044645 0.0723238
-0.2101 -0.0322853 -0.0663549
-0.250446 0.106475 -0.0492311
0.687935 0.081674 -0.0551931
0.691338 -0.0633206 -0.0363814
0.753708 -0.0467685 -0.0349657
-0.299068 -0.0172849 -0.0917548
0.415723 0.105549 0.0287111
0.437285 -0.0570047 0.211002
-0.0214385 -0.0759797 -0.0257912
0.216526 -0.0749452 0.00913705
-0.497068 -0.021423 -0.0801847
-0.209556 -0.074918 0.00913705
-0.380277 0.0723362 -0.00564554
-0.1394 0.0152204 -0.0999492
0.0193702 0.0278523 0.0382667
-0.0808683 -0.0228386 -0.0797763
0.220609 0.0930264 0.048394
-0.10537 0.00482088 -0.0112264
0.647317 0.119924 -0.0117981
-0.128129 -0.0497903 -0.0524979
0.0905063 0.0794144 0.0618698
-0.192541 -0.0286918 0.0443648
-0.493474 0.0644413 -0.0211904
0.327164 0.0790878 -0.0845405
0.235664 -0.0473946 0.0380489
-0.369823 0.0967016 0.0398456
-0.360839 -0.0460334 0.0518514
0.0756965 0.0424988 -0.0112264
0.430696 -0.00797437 0.0729227
-0.215518 -0.0364506 -0.0462092
-0.1394 0.0152204 -0.0999492
0.70182 -0.132497 -0.00545497
0.0404415 0.00942173 0.0764346
-0.155054 0.0530617 -0.0235317
0.0258222 -0.0223214 -0.0112264
0.437421 0.082518 -0.0823081
0.695286 -0.141698 0.00102432
-0.502404 0.0950138 -0.00145306
-0.101559 -0.00838272 -0.0682333
-0.0834546 0.108054 -0.0459097
-0.109753 -0.0326392 -0.0819542
0.344206 0.113798 -0.0190125
-0.222623 -0.0275756 0.0383211
-0.63218 -0.0450806 -0.0232594
0.214185 -0.0130108 0.0709626
0.0171922 -0.0637017 -0.0112264
-0.130361 0.0933803 0.0479856
0.469518 0.0645502 -0.0940144
-0.474907 0.0435333 -0.00150751
0.183422 0.0689877 -0.0911287
0.421958 -0.00775657 0.235885
0.609993 0.0398309 -0.089713
0.0583548 0.0922641 -0.071718
0.674813 0.0880989 0.0331758
-0.247533 -0.0358517 -0.0112264
0.0429461 -0.0690648 0.0426497
-0.173865 -0.04489 -0.0360002
-0.320031 0.113662 0.0008882
-0.323189 0.0108646 0.076489
0.49097 -0.075653 0.00510791
-0.318315 -0.0775043 -0.0170796
-0.434779 0.0854309 -0.00335873
0.565264 0.112764 -0.018713
0.378209 0.0412737 -0.101828
-0.2459 -0.0711883 0.0200266
-0.270837 -0.00998893 -0.0112264
0.0396248 -0.0739107 0.0123495
0.239149 -0.0246354 -0.0127238
0.00902506 -0.0723862 -0.0391037
-0.00368851 -0.0411876 -0.0112264
-0.331655 -0.0201979 -0.00872185
-0.0578097 0.0604666 -0.0960018
-0.540789 -0.0213958 -0.074876
0.710041 -0.140446 -0.00278703
-0.275193 0.0257833 -0.0112264
0.195073 -0.0179383 0.103468
0.537741 -0.0731212 -0.0381781
-0.113428 0.0987434 -0.0642042
0.67043 0.00767939 -0.0820087
0.210645 -0.0758708 -0.0263357
-0.0467295 -0.0488919 0.109076
0.551816 0.0183239 -0.0957023
-0.437175 0.103753 0.00660523
0.094236 0.0477258 -0.0112264
-0.237515 -0.0385741 -0.0112264
0.241926 -0.00917222 -0.0112264
-0.217587 0.0409743 -0.101828
0.176616 0.0332154 -0.0112264
-0.056394 -0.0151887 -0.0782245
-0.215518 -0.0364506 -0.0462092
0.591372 0.0863838 -0.0718269
-0.298578 -0.0713517 0.0195638
-0.166488 0.0258378 0.0793748
-0.380277 0.0723362 -0.00564554
0.701792 0.0841786 -0.0355919
-0.531288 0.0450578 -0.0226877
-0.062465 0.0953677 0.0456716
0.741893 -0.0338371 0.0331486
-0.101559 -0.00838272 -0.0682333
-0.0794799 0.00863223 0.0762985
0.0599882 -0.0451622 0.0540021
0.0442528 0.0846142 -0.0112264
-0.22962 0.0205291 -0.0112264
-0.434779 0.0854309 -0.00335873
0.401431 0.0989885 0.0414791
0.580809 0.00351414 -0.0936061
0.192106 -0.0306247 -0.0112264
0.641137 0.0612833 0.0529131
-0.167767 0.0535789 -0.0112264
-0.205745 -0.0415687 -0.0277241
-0.502023 0.0924819 -0.0422345
0.076132 0.0396675 0.0793748
-0.386484 -0.00566033 -0.0112264
-0.068182 0.0413282 -0.101828
0.120534 0.00887725 0.0552272
-0.250555 -0.0280928 0.0229124
0.294876 0.0491959 -0.0998403
-0.452012 0.0978178 -0.0440857
0.439626 0.0855943 0.0570239
-0.375322 -0.00955335 -0.0112264
-0.237134 -0.0118674 -0.0938783
0.229593 -0.0761975 0.00205883
-0.517431 0.0168266 -0.088488
0.00586709 -0.0611155 -0.0112264
-0.0773292 0.0227887 0.0298545
0.0722662 -0.0690648 -0.062108
0.584022 0.10966 0.00946374
-0.31788 -0.0439372 -0.0772172
-0.377555 -0.0378118 0.0564795
0.0114752 0.0882894 0.0538932
-0.295665 -0.050607 0.0494557
-0.331655 -0.0201979 -0.00872185
0.529982 -0.0781304 -0.0136766
-0.502649 0.0863565 -0.055302
0.272199 0.07887 -0.0846766
0.17294 -0.0195173 0.0684308
0.109808 0.0612016 -0.0957567
0.288833 0.072309 0.0664979
0.529982 -0.0781304 -0.0136766
0.135752 -0.0749997 -0.0311544
-0.529981 0.00770662 0.0629315
-0.101559 -0.00838272 -0.0682333
0.752211 -0.00375466 -0.061264
-0.303369 -0.0285284 -0.011172
0.390242 0.0156288 0.077578
-0.188811 0.0413826 0.0793748
-0.0639078 -0.0563241 -0.080348
-0.365304 0.0312009 0.0774419
0.455988 -0.0365867 -0.0818998
0.0016746 -0.0785116 -0.0108725
-0.0880555 -0.050852 -0.0112264
-0.0706321 0.0915019 -0.0726164
0.637217 0.0107829 0.0651094
-0.129844 -0.041487 -0.0787962
0.138992 0.0287507 -0.0112264
0.549665 -0.0769054 0.00186826
0.214185 -0.0130108 0.0709626
0.689405 0.0215908 -0.078524
0.0599882 -0.0451622 0.0540021
0.421958 -0.00775657 0.235885
0.426313 -0.020933 0.236511
0.0758326 0.0727718 -0.0349657
0.0748525 -0.0690648 0.0228579
0.430615 0.0774543 -0.0856022
0.0245971 -0.0666964 0.05618
0.617153 -0.0753536 -0.0249473
-0.295583 0.0553213 0.0753184
-0.34102 0.0648224 -0.0122882
0.336883 -0.0527033 -0.0697851
0.232234 -0.000433335 0.0746378
0.710041 -0.140446 -0.00278703
0.179556 0.055294 0.0189104
-0.065269 0.00522924 0.0756723
0.119119 0.0482158 -0.0112264
0.0645891 -0.055344 0.0447187
0.496878 0.0413009 -0.100575
-0.156687 0.0225164 0.0182026
0.17 0.0321265 0.0381033
0.727192 0.0730168 -0.0122065
0.0805695 -0.0753808 -0.0290037
0.759071 0.00443975 -0.0593311
0.0358406 -0.0139364 0.0706087
0.648842 0.0390958 -0.0832882
0.223931 -0.0470679 0.0228307
-0.540789 -0.0213958 -0.074876
0.367673 -0.0748091 -0.0321889
-0.241789 0.0849681 0.057759
-0.228395 -0.0645457 0.0333936
0.617153 -0.0753536 -0.0249473
0.0163483 -0.0606254 0.0898015
-0.0646429 -0.0578758 0.0383483
0.0259039 -0.0362873 -0.0112264
0.460452 -0.0394452 0.238798
-0.234493 -0.0195173 0.0304262
0.126877 0.0480797 0.0290377
0.138529 0.0139409 0.0522053
0.689542 -0.136771 -0.0221977
0.0789089 -0.0690648 -0.0196659
0.496415 -0.0785116 -0.0115531
0.0215208 -0.0308425 -0.106919
0.280203 0.0329432 0.0793748
0.499655 0.108571 0.0210611
0.463964 0.00716214 -0.0984791
0.143538 0.0836069 0.0591474
0.556199 0.000764517 -0.0930888
0.173784 -0.0626672 -0.0452019
-0.242197 0.0684976 0.0690025
0.245873 0.00827832 0.076244
-0.426149 0.0871733 -0.0187675
0.752211 -0.00375466 -0.061264
0.108202 0.10103 -0.0606651
0.800915 0.0331065 -0.034639
0.450951 -0.0250982 0.207708
-0.493474 0.0644413 -0.0211904
-0.434779 0.0854309 -0.00335873
-0.503901 0.115731 -0.0172429
0.602588 0.0580437 -0.0856567
-0.547405 -0.0482658 0.0293644
-0.242143 -0.00917222 -0.0112264
-0.270837 -0.00998893 -0.0112264
0.084272 -0.0354705 -0.0112264
0.143538 0.0836069 0.0591474
0.566707 -0.0651446 0.0315696
0.807829 -0.0267044 0.00584295
0.786323 -0.0511787 -0.0338768
-0.183993 0.0277434 0.010716
-0.5198 0.0880172 0.0247364
-0.472103 -0.0275484 0.0574051
-0.556988 0.0681982 0.0426769
-0.439707 0.0457112 -0.0942594
-0.192514 -0.0415142 0.0227218
0.613097 0.0489509 0.0637755
0.0016746 -0.0785116 -0.0108725
0.794136 -0.0326665 0.00834756
0.246173 0.110477 0.0158886
0.443165 -0.0436105 0.238961
0.529247 0.0154927 0.0742022
0.0241616 -0.0690648 0.0210884
-0.0794799 0.00863223 0.0762985
0.229593 -0.0761975 0.00205883
-0.464943 0.065258 -0.0203192
0.015096 -0.0379207 0.0586301
0.318479 0.113798 -0.0117709
-0.13891 0.0440778 0.0791025
-0.382128 0.0394497 -0.0172702
-0.155108 0.0411648 0.0793748
-0.16725 -0.0014134 -0.053478
-0.194528 -0.0763336 0.00121489
0.580646 0.0708117 -0.0843499
0.564529 -0.0880127 0.0162697
-0.0505681 -0.0577669 0.0571056
-0.0926291 -0.0611699 0.00943651
0.296782 0.0271445 0.0793748
-0.289785 0.0279612 -0.101828
0.0504327 0.105549 0.0287111
-0.299068 -0.0172849 -0.0917548
0.565264 0.112764 -0.018713
-0.353489 -0.00576922 0.072351
-0.202233 0.107074 -0.0479787
0.286192 0.113798 -0.0101375
0.133629 0.0185962 0.0781225
0.280203 0.0329432 0.0793748
0.145281 0.0632162 0.0724327
0.210509 0.0993968 -0.0634692
-0.375322 -0.00955335 -0.0112264
-0.325639 0.109252 0.0192643
-0.472103 -0.0275484 0.0574051
0.110843 -0.00236624 0.0619787
0.213531 0.0982262 0.0423502
-0.0114746 -0.0614149 0.0691114
-0.136215 -0.0722773 -0.0394304
0.137032 -0.0019851 -0.0112264
0.42841 0.065258 -0.0935516
0.0294158 -0.032612 0.100609
-0.174954 0.00879557 -0.0987786
-0.0578097 0.0604666 -0.0960018
-0.345349 0.112219 -0.0165623
0.14784 0.029268 0.0793748
0.333453 0.109905 -0.0408733
0.138992 0.0287507 -0.0112264
-0.084843 0.0744597 -0.0203465
-0.0545973 -0.0492731 -0.0732698
0.687935 0.081674 -0.0551931
0.156198 0.0684432 0.0121861
0.0199146 -0.00713042 -0.0957295
0.430615 0.0774543 -0.0856022
0.0350239 0.0622361 -0.0112264
0.0645891 -0.055344 0.0447187
0.203159 -0.00272015 -0.0815186
-0.434779 0.0854309 -0.00335873
0.256246 -0.0137186 0.0706903
-0.201361 0.0398309 -0.101828
-0.020649 0.103317 0.0333936
-0.0939086 -0.0657708 -0.0535597
-0.129844 -0.041487 -0.0787962
-0.02672 0.0678715 -0.0315627
0.241545 -0.0259149 0.0835128
-0.596408 -0.0528394 -0.00880352
-0.464943 0.065258 -0.0203192
-0.234493 -0.0195173 0.0304262
0.0187168 -0.0655257 -0.0540497
-0.241789 0.0849681 0.057759
0.0353778 0.10378 -0.013731
0.0405776 0.0595682 -0.0963012
-0.196243 -0.020334 -0.0601206
-0.110597 -0.0493547 0.067124
0.687119 0.0551035 0.045726
-0.277588 -0.0782665 -0.00959301
0.212578 0.0275256 -0.0112264
0.637217 0.0107829 0.0651094
-0.0355677 -0.0652535 0.0228035
