-0.791277 0.185778 -0.0169435
-0.789262 0.00367748 0.0816888
-0.696919 -0.0343271 -0.00267813
-0.782538 0.0160644 0.1161
-0.739578 0.000328936 -0.082907
-0.885281 0.00857779 -0.019312
-0.773064 0.0178067 -0.0878346
-0.802221 0.0133964 -0.112146
-0.729233 0.0236871 -0.0183591
-0.768735 0.00209849 0.116699
-0.827294 0.0699677 -0.00872185
-0.731711 0.0578259 -0.0227966
-0.669722 0.149434 -0.0214354
-0.692944 0.0901679 -0.0237767
-0.743635 0.00465754 -0.0112264
-0.681047 0.147992 -0.000146309
-0.685838 0.0425805 0.030644
-0.753871 0.0162549 0.322022
-0.737482 0.149788 -0.021626
-0.752592 0.00182625 -0.227956
-0.681428 0.0219992 -0.00401211
-0.837775 0.0142948 -0.00115359
-0.639884 0.0242588 -0.0262541
-0.854545 0.00762495 0.00900093
-0.780877 0.0155471 0.166491
-0.707454 0.0266545 0.00322946
-0.762038 0.0159555 -0.317741
-0.63885 0.00561037 -0.0682061
-0.623986 0.0554574 -0.0588683
-0.792856 0.135087 -0.00586333
-0.678379 0.0789789 0.00235829
-0.763345 0.00198959 0.161292
-0.717663 0.0142131 -0.330182
-0.680448 0.00501145 -0.134687
-0.815343 0.00944895 -0.23125
-0.785042 0.0167722 -0.0608829
-0.748045 0.00182625 0.205748
-0.776222 0.0171805 0.0865891
-0.70367 -0.000324438 -0.0205098
-0.742083 -0.000324438 -0.00197031
-0.770124 0.000247265 0.0020316
-0.66474 -0.0390641 -0.025029
-0.780877 0.0155471 0.166491
-0.761575 0.0200118 0.0220684
-0.696075 0.00269741 -0.153417
-0.791467 0.00961229 0.36999
-0.804807 0.18115 -0.00711563
-0.864972 0.0082511 0.00622409
-0.838646 0.147665 -0.0105731
-0.838211 0.00857779 -0.0587866
-0.773173 0.140995 -0.0186586
-0.801785 0.0351483 -0.00738787
-0.699668 0.00228906 0.13385
-0.739578 0.000328936 -0.082907
-0.752238 0.276488 -0.0190669
-0.70367 0.0220808 -0.0112264
-0.797593 -0.00930833 0.00630576
-0.855607 0.00525647 -0.00591778
-0.628532 0.0911752 -0.0245662
-0.762038 0.0159555 -0.317741
-0.767946 0.0151115 -0.329447
-0.688044 0.226233 -0.0162084
-0.681346 -0.0259149 -0.0441674
-0.799689 0.0142676 0.0564795
-0.776657 0.0176978 0.0465972
-0.838646 0.147665 -0.0105731
-0.758336 0.00340524 0.357876
-0.855607 0.00525647 -0.00591778
-0.589684 0.0319359 0.00219495
-0.821822 0.00751605 0.145284
-0.809408 0.0307653 0.000779305
-0.778509 0.0951771 -0.0178419
-0.76114 0.176032 -0.00232422
-0.664822 -0.0396086 0.00026205
-0.758336 0.00340524 0.357876
-0.726429 0.283213 -0.00403933
-0.791767 0.0156016 0.0478222
-0.734896 0.0025613 -0.298847
-0.825878 0.00724381 0.0552816
-0.541851 0.106965 -0.0217349
-0.811858 0.00895892 0.273835
-0.762229 -0.00963502 0.0152352
-0.577977 0.109715 0.000207602
-0.784144 0.00348691 -0.1477
-0.600138 0.0506388 -0.0677433
-0.577052 0.0467185 0.00162325
-0.684777 0.0621817 0.00254886
-0.798001 0.199145 -0.00638059
-0.709006 0.0348216 0.0296911
-0.694822 0.220217 -0.0180052
-0.698634 0.0230065 -0.0328422
-0.788146 0.00375915 0.113269
-0.733644 0.0418999 0.0153441
-0.709659 0.00934005 0.293191
-0.782402 0.016745 -0.0912376
-0.723707 0.0270628 -0.0248384
-0.721583 -0.0288007 -0.0228511
-0.735903 0.105087 -0.00134416
-0.673261 0.0199029 -0.0646942
-0.6615 0.0614739 -0.0261724
-0.680176 0.0429616 -0.0541858
-0.551597 0.116412 -0.0180324
-0.651563 -0.0278206 0.0267782
-0.749787 0.00215294 0.237056
-0.692917 0.0206924 -0.104877
-0.688806 0.0284513 0.0380761
-0.752537 0.314847 -0.0157184
-0.629948 0.0709478 0.00742194
-0.73917 0.0183239 -0.259863
-0.792883 0.00501145 0.239751
-0.803364 0.257023 -0.0147383
-0.783572 0.175161 -0.00466548
-0.682708 -0.0134736 -0.0540497
-0.881633 0.0240138 -0.0110359
-0.732664 0.0016629 0.189251
-0.643995 0.147011 -0.0183319
-0.798001 0.199145 -0.00638059
-0.748345 0.0195218 -0.153145
-0.740286 0.0675448 -0.000554667
-0.834536 0.0264095 -0.00333151
-0.688044 0.226233 -0.0162084
-0.833011 0.0840697 -0.0130505
-0.683797 0.00286076 0.0770063
-0.717445 0.0144582 0.00371949
-0.812212 -0.00557866 -0.0284864
-0.752537 0.314847 -0.0157184
-0.758336 0.00340524 0.357876
-0.727872 -0.000732799 -0.0502656
-0.749787 0.00215294 0.237056
-0.749787 0.129615 -0.0017253
-0.628532 0.0911752 -0.0245662
-0.70985 0.0219175 0.0753184
-0.732582 0.0188957 -0.234735
-0.772519 0.00321467 -0.270643
-0.768381 0.00332357 -0.330373
-0.738381 -0.00013387 -0.0381237
-0.627389 0.0164183 -0.0720991
-0.681346 -0.0259149 -0.0441674
-0.727981 0.0185417 -0.24802
-0.61492 0.0512921 0.0413974
-0.772519 0.00321467 -0.270643
-0.806876 0.00691712 -0.307532
-0.803364 0.257023 -0.0147383
-0.720985 0.311199 -0.0150922
-0.664332 0.120005 0.00189549
-0.664332 0.120005 0.00189549
-0.73348 0.00231628 0.251376
-0.789997 0.0188684 -0.0262268
-0.828138 0.164489 -0.0128599
-0.638333 -0.0236281 0.032958
-0.687145 0.109279 0.000942649
-0.557886 0.0666736 -0.0231233
-0.623441 0.140396 -0.00869462
-0.802384 0.00610041 0.254343
-0.642362 0.00879557 0.0458621
-0.828138 0.164489 -0.0128599
-0.801785 0.0351483 -0.00738787
-0.768381 0.00332357 -0.330373
-0.729125 0.0215636 -0.113153
-0.737673 0.0202841 0.133196
-0.697735 0.00408584 -0.196703
-0.773064 0.0178067 -0.0878346
-0.704732 0.0790061 0.00107877
-0.749787 0.00215294 0.237056
-0.762229 -0.00963502 0.0152352
-0.663705 0.00571927 -0.065157
-0.727301 -0.0221308 -0.0350746
-0.696919 -0.0343271 -0.00267813
-0.827294 0.0699677 -0.00872185
-0.760786 0.0110552 0.0235385
-0.805923 0.00648154 -0.271052
-0.776222 0.0171805 0.0865891
-0.773418 0.00307855 -0.231631
-0.865217 0.00356858 -0.0220616
-0.744724 0.0181878 0.237927
-0.77644 0.00411306 0.337621
-0.785042 0.0167722 -0.0608829
-0.628532 0.0911752 -0.0245662
-0.752537 0.314847 -0.0157184
-0.737482 0.149788 -0.021626
-0.671328 0.0157649 -0.0272069
-0.777801 0.00318745 0.16709
-0.773418 0.00307855 -0.231631
-0.642362 0.00879557 0.0458621
-0.724442 0.0203385 0.147108
-0.710122 0.17576 -0.0223883
-0.741675 0.00174458 0.196111
-0.885281 0.00857779 -0.019312
-0.710122 0.17576 -0.0223883
-0.770886 0.0923458 -0.00387599
-0.878339 -0.000297218 -0.00970191
-0.804426 0.0130425 0.0906727
-0.725939 0.0221081 -0.0896586
-0.809353 0.0128792 0.048884
-0.768381 0.00332357 -0.330373
-0.768381 0.00332357 -0.330373
-0.838211 0.00857779 -0.0587866
-0.73917 0.0183239 -0.259863
-0.744234 0.0203113 -0.122436
-0.653088 0.0271173 0.0456716
-0.572669 0.0794961 -0.042779
-0.896443 0.00830554 -0.0115804
-0.70808 0.26206 -0.00501939
-0.622434 0.0276073 0.00322946
-0.754007 -0.0313053 -0.0108181
-0.661364 0.0660747 -0.0122065
-0.692944 0.0901679 -0.0237767
-0.811341 -0.0100706 0.0008882
-0.709659 0.00934005 0.293191
-0.753953 0.0191679 0.116236
-0.723435 0.000220039 0.0503269
-0.708244 0.00517479 -0.273692
-0.708244 0.00517479 -0.273692
-0.735413 0.0497676 -0.00651671
-0.603513 0.0871188 -0.0239945
-0.783572 0.175161 -0.00466548
-0.804426 0.0130425 0.0906727
-0.735903 0.105087 -0.00134416
-0.688806 0.0284513 0.0380761
-0.698634 0.0230065 -0.0328422
-0.572669 0.0794961 -0.042779
-0.763345 0.00198959 0.161292
-0.699042 0.0153838 0.217155
-0.711511 -0.0301619 -0.025029
-0.776521 0.0156832 -0.212357
-0.79762 0.0103746 -0.360401
-0.607189 0.127873 -0.00564554
-0.647208 -0.038084 0.0136018
-0.783572 0.175161 -0.00466548
-0.729696 0.252286 -0.0199653
-0.854545 0.00762495 0.00900093
-0.66474 -0.0390641 -0.025029
-0.638333 -0.0236281 0.032958
-0.647208 -0.038084 0.0136018
-0.723435 0.000220039 0.0503269
-0.651182 0.126321 -0.0227966
-0.76114 0.176032 -0.00232422
-0.740286 0.0675448 -0.000554667
-0.685838 0.0425805 0.030644
-0.809408 0.155288 -0.0149833
-0.809408 0.155288 -0.0149833
-0.736693 -0.00781102 0.0226946
-0.696674 0.0551851 -0.0305827
-0.607896 0.031092 -0.0251923
-0.772519 0.00321467 -0.270643
-0.685838 0.0425805 0.030644
-0.658778 0.0618006 0.0139829
-0.717663 0.0142131 -0.330182
-0.719161 0.00122732 0.146182
-0.752238 0.276488 -0.0190669
-0.752238 0.276488 -0.0190669
-0.596272 0.0806123 -0.00676172
-0.607896 0.031092 -0.0251923
-0.729125 0.0215636 -0.113153
-0.692944 0.0901679 -0.0237767
-0.791467 0.00961229 0.36999
-0.825198 0.00571927 -0.0382326
-0.737156 0.0018807 -0.231849
-0.803364 0.257023 -0.0147383
-0.728144 0.00384082 0.311622
-0.699423 0.0224348 -0.0616996
-0.708244 0.00517479 -0.273692
-0.773418 0.00307855 -0.231631
-0.838211 0.00857779 -0.0587866
-0.743635 0.00465754 -0.0112264
-0.838211 0.00857779 -0.0587866
-0.623986 0.0554574 -0.0588683
-0.810579 0.00394972 0.0125128
-0.801785 0.0351483 -0.00738787
-0.775324 0.00362303 0.276013
-0.815343 0.00944895 -0.23125
-0.802221 0.0133964 -0.112146
-0.744724 0.0181878 0.237927
-0.896443 0.00830554 -0.0115804
-0.811341 -0.0100706 0.0008882
-0.801785 0.0351483 -0.00738787
-0.601199 0.0982806 0.00116044
-0.763018 0.000791742 0.0216328
-0.785315 0.127873 -0.00542775
-0.798164 0.0110007 -0.314338
-0.740286 -0.0318225 -0.0107636
-0.815016 0.00890447 0.246203
-0.738381 -0.00013387 -0.0381237
-0.727981 0.0185417 -0.24802
-0.780877 0.0155471 0.166491
-0.639884 0.0242588 -0.0262541
-0.837775 0.0142948 -0.00115359
-0.865217 0.00356858 -0.0220616
-0.783572 0.175161 -0.00466548
-0.770124 0.0144854 -0.35795
-0.763699 0.00343246 -0.382234
-0.814798 0.192965 -0.0141666
-0.720985 0.311199 -0.0150922
-0.680448 0.00501145 -0.134687
-0.815343 0.00944895 -0.23125
-0.778509 0.0951771 -0.0178419
-0.744724 0.0181878 0.237927
-0.638333 -0.0236281 0.032958
-0.819399 0.0175617 0.0101988
-0.749787 0.00215294 0.237056
-0.734869 0.18243 -0.0216532
-0.752537 0.314847 -0.0157184
-0.718453 0.0441322 0.0180937
-0.676446 0.00207127 0.0139829
-0.780877 0.0155471 0.166491
-0.758717 0.228438 -0.0195842
-0.682708 -0.0134736 -0.0540497
-0.825007 0.0168266 -0.0156639
-0.768381 0.00332357 -0.330373
-0.698171 -0.0210691 0.0223679
-0.769008 0.00277909 -0.247122
-0.805923 0.00648154 -0.271052
-0.746766 0.000873414 -0.134932
-0.734896 0.0025613 -0.298847
-0.785315 0.127873 -0.00542775
-0.842322 0.0784344 -0.0122065
-0.812212 -0.00557866 -0.0284864
-0.724442 0.0203385 0.147108
-0.623441 0.140396 -0.00869462
-0.785042 0.0167722 -0.0608829
-0.6615 0.0614739 -0.0261724
-0.73348 0.00231628 0.251376
-0.792883 0.00501145 0.239751
-0.704732 0.0790061 0.00107877
-0.829526 0.00776106 0.0636121
-0.748045 0.00182625 0.205748
-0.681428 0.0219992 -0.00401211
-0.704732 0.0790061 0.00107877
-0.811858 0.00895892 0.273835
-0.769008 0.00277909 -0.247122
-0.791467 0.00961229 0.36999
-0.802221 0.0133964 -0.112146
-0.761113 0.00329634 -0.370201
-0.805923 0.00648154 -0.271052
-0.784144 0.00348691 -0.1477
-0.804426 0.0130425 0.0906727
-0.577977 0.109715 0.000207602
-0.622434 0.0276073 0.00322946
-0.777801 0.00318745 0.16709
-0.763345 0.00198959 0.161292
-0.607379 0.0371357 0.0508169
-0.763699 0.00343246 -0.382234
-0.646636 0.108462 -0.0245662
-0.689595 0.0195763 0.100446
-0.733644 0.0418999 0.0153441
-0.781503 0.0043853 -0.329964
-0.79272 0.00114565 0.0144185
-0.838646 0.147665 -0.0105731
